130
-148
118
108
118
-108
72
72
92
-58
72
64
54
76
-66
62
-10
-82
-40
40
-62
88
-86
-10
-66
-90
-90
-106
-102
-88
64
136
-124
-102
-88
110
-112
122
92
92
96
106
-96
-92
-120
-128
-128
110
-106
-128
172
-174
164
-128
126
-156
-126
126
146
170
136
132
126
146
116
-116
-128
120
-142
-106
-106
-146
120
-142
106
-144
-144
-166
170
-170
140
-140
156
-160
144
140
-140
138
-114
-126
-126
-128
-120
-116
-80
-80
-150
-134
-116
80
156
-144
-150
-162
-166
-174
-150
-160
-134
168
-120
120
-134
-82
86
-110
132
-134
-96
86
-48
66
-100
56
112
-86
-112
86
-90
-66
-80
66
86
52
18
-12
62
44
-12
-12
12
34
-62
-38
-58
40
64
52
58
-82
64
96
84
78
62
-108
134
-94
112
-132
118
114
-96
-132
-108
128
-130
174
122
-100
-128
142
106
-78
-92
-98
98
116
134
106
78
92
-90
90
94
124
-96
96
94
-124
110
96
120
120
116
-120
-116
-116
146
136
140
-140
152
188
-176
132
-152
-132
-132
160
156
160
156
156
178
188
-188
160
-160
184
162
158
-150
-150
-154
-152
152
-150
164
124
-148
-166
-154
-128
-132
-134
-122
-120
122
-120
-120
132
-170
164
144
-142
142
154
122
122
-126
132
-126
118
162
118
86
-138
-134
134
124
-132
96
86
132
-142
-152
-146
156
96
-146
-146
-152
-142
146
-166
158
-152
148
-170
-140
-140
-144
168
-116
82
140
116
116
-114
114
92
82
-106
-96
-96
-122
134
92
-82
114
114
132
-152
-144
150
-154
-106
-106
-114
-138
134
-102
112
120
-102
92
92
120
-102
-92
82
-92
-92
-120
-106
116
98
-82
-108
94
60
-94
78
-78
-114
-60
86
60
60
84
-84
96
-120
108
76
84
-98
-104
98
-98
104
104
-112
-88
108
-108
-86
96
90
-82
88
90
-100
86
110
-100
-82
96
120
-136
-144
-136
-130
100
-136
-152
172
-128
128
-162
-142
-140
128
162
-174
146
140
160
176
160
122
-122
-178
164
-146
-120
-146
-120
98
-98
-118
116
128
-86
-116
-106
-114
-122
-116
110
-86
-132
140
138
110
132
-140
-126
-144
-98
-138
-110
120
-96
106
146
-98
122
-156
140
-94
118
-126
-106
-126
-128
-114
94
114
60
-94
122
-126
-126
92
114
-56
-32
32
-90
-54
32
-78
74
76
-46
32
70
96
-110
48
-70
78
-88
92
-92
76
44
-84
62
-60
28
-40
38
-28
40
-44
36
-84
-36
-20
42
22
0
0
48
-56
18
0
-68
68
50
18
60
46
46
-66
92
-102
58
78
118
-86
86
112
-108
130
-118
-78
88
-104
124
-134
-152
144
-78
-94
-118
-142
-156
84
-84
138
-124
108
84
-108
-106
-86
112
-112
118
94
112
-138
-130
108
112
-114
116
-126
110
-126
152
-152
152
-154
-120
112
90
-86
112
-120
116
-116
-128
-90
-108
-120
-130
116
120
102
-100
-76
-102
-52
52
100
-84
88
52
-56
84
-82
82
-56
-84
-98
-112
86
-122
-124
-102
118
-98
98
-142
126
112
-98
120
-128
-126
-136
142
112
-116
-118
112
-138
-112
-112
110
106
114
-106
-106
-110
118
-126
-162
-148
-148
112
114
-112
90
96
-118
-120
122
-106
84
-90
62
-106
100
108
120
-92
90
62
-70
-118
116
112
-126
-56
-94
-76
-76
70
-112
84
56
86
-86
88
102
-106
86
118
-90
92
112
108
-92
-90
-84
92
84
-84
92
108
-108
-116
124
140
114
-156
-144
-130
-142
142
-110
-100
-118
-114
-114
124
122
-100
102
-98
-122
114
100
-110
-114
-94
98
-110
-118
-130
136
-148
-94
112
-122
-154
116
-112
104
106
-104
-104
-112
-124
126
-116
106
-114
-134
-102
114
-120
-120
-136
-146
172
-102
160
156
128
128
104
132
-122
88
98
76
-76
-84
84
-68
34
78
-6
6
-66
-76
48
6
-66
98
96
48
-94
-82
36
-128
-110
-102
-64
-90
64
64
96
-106
-96
66
-82
80
92
128
-80
-64
64
80
70
78
-64
-116
92
128
-70
-86
126
130
128
-134
-130
-96
104
116
-82
-104
86
-86
-90
82
-98
40
86
92
90
98
80
114
-40
72
108
-108
-108
-72
108
-68
88
114
140
134
-114
-128
144
146
138
-130
84
-92
96
-120
96
92
-110
84
-92
124
98
106
118
144
-128
142
-138
140
78
-100
92
102
-100
84
84
56
76
48
48
50
-70
66
48
50
94
72
76
66
118
-124
72
-68
122
-114
80
-68
90
90
-102
84
-114
-80
-76
-120
116
-84
102
-144
-126
148
84
124
-90
90
-144
-62
76
62
-40
-102
52
52
92
92
86
-40
-92
-60
-60
86
92
126
-104
-122
126
108
-146
-98
130
98
-132
124
124
140
-104
-122
-102
-130
-102
-90
-148
120
98
102
88
64
-30
74
30
30
64
74
-84
52
120
-106
136
-122
134
-116
-126
-114
114
-140
136
106
106
130
-144
-146
78
72
-120
72
-72
78
110
-100
116
-106
100
132
176
-174
108
108
128
120
-116
-108
130
-140
152
164
120
-116
-134
-110
-126
-126
-104
-124
-102
82
-82
-96
82
-102
-86
82
-106
-110
-122
-104
-120
-122
106
88
-88
-106
92
-92
88
114
114
106
118
-158
110
-134
-164
132
132
-156
140
106
-106
-120
134
-124
106
126
126
-96
-102
-114
-122
-118
98
114
96
96
-112
116
-118
96
-120
-154
146
118
112
128
-122
118
114
-114
126
96
58
118
126
-124
108
100
90
58
100
-116
116
-90
-102
104
104
80
102
-82
82
110
136
108
80
102
-110
-110
122
116
142
-138
68
-110
118
116
104
100
-72
-46
86
74
-56
-58
-76
-58
-6
-58
26
-26
-54
18
-78
-6
-18
78
-110
-78
74
-98
-48
88
-112
-108
76
88
130
-110
76
68
124
-52
58
88
52
-82
58
98
84
-78
-64
-54
-78
-76
-76
-78
-92
52
108
132
128
76
-116
-114
102
-110
128
-136
96
-110
-74
116
-112
118
112
112
124
-74
-142
-154
152
-154
150
-158
-126
-144
158
-140
-120
96
-128
96
-130
100
118
-70
74
70
58
78
74
76
-84
94
86
-58
-82
-58
-58
-98
-78
-106
106
86
-118
86
86
118
-128
-128
126
-134
128
94
132
128
-126
-110
-110
110
-134
140
-110
110
126
120
-130
-114
-150
-126
146
-174
-154
138
114
122
-122
130
124
132
-112
112
-132
-150
112
112
-140
134
134
-112
-156
164
-162
150
144
140
-158
128
128
116
-184
-116
-82
-82
-144
144
-120
-82
-146
132
-124
-120
130
-118
118
58
102
72
72
-72
62
76
-58
74
-100
-92
-72
86
108
100
-62
114
108
128
-80
-114
158
174
112
112
-116
-136
-116
-106
136
90
106
-122
122
-154
-90
128
80
90
-118
118
-134
114
-130
-80
102
-116
-114
132
-90
102
-126
126
130
-100
-100
-148
-140
-110
100
-132
140
144
-110
132
124
124
138
-154
166
-150
-160
166
-174
-184
-150
114
-168
-108
-108
136
-144
120
108
108
140
140
120
-108
148
-142
-110
152
-126
-134
-96
-110
90
-76
100
-112
-88
90
-58
-100
-90
76
-104
64
-100
58
64
-90
-110
96
68
-90
126
-104
-98
-90
-122
122
-134
116
-110
-62
-110
-62
-62
-92
-92
-116
-100
106
-62
92
118
-124
108
82
78
78
-94
-88
-82
-88
76
76
-82
-82
-78
76
-112
-98
-120
158
138
112
124
114
114
116
136
-110
-114
110
110
-134
106
106
106
-110
-108
-104
-138
-104
104
-106
134
142
-148
-122
148
108
182
-166
-162
-156
-166
-150
150
-148
124
90
142
-88
-88
-120
92
106
88
92
128
136
-118
-136
-136
-122
126
112
-122
132
-132
-156
-138
108
-108
-114
-102
98
98
-102
150
132
98
110
122
118
132
146
146
152
-148
-138
112
-112
-134
96
102
112
-136
-142
124
78
96
-102
-104
-100
-102
100
78
102
94
-94
-128
114
156
-136
168
-146
186
134
134
158
110
130
90
-90
-88
-134
-120
-90
124
146
-106
88
-124
-120
120
140
148
-110
106
-128
-114
-92
84
66
-40
74
74
74
-70
-50
-28
28
88
46
46
-28
-96
-96
-78
80
114
100
-132
152
-58
-46
-138
-112
-112
-58
122
142
-90
-134
114
-160
-114
114
-134
-142
-142
132
134
112
-138
-136
134
-140
-58
-68
-108
-104
110
-108
46
-102
44
-68
68
-68
54
-78
60
-36
36
54
-74
-82
40
-82
80
106
106
-70
60
36
-100
-96
-92
-86
88
60
54
70
-78
78
118
-98
132
126
154
134
156
146
-120
-142
126
110
-118
120
118
110
-96
102
-42
4
-4
-6
8
-12
2
-66
54
40
-58
24
6
-8
-2
42
-30
-38
16
40
-4
-18
-28
28
36
-2
60
72
72
-52
-46
-92
-64
100
46
80
104
-104
108
46
-122
-84
-84
-108
116
116
-82
142
142
130
-156
170
-178
182
154
136
-176
152
-152
-148
-162
152
136
170
122
-146
-128
-128
160
-144
130
-122
150
142
-152
-134
-110
-124
106
-106
-98
-104
110
106
-106
98
-100
90
50
100
114
-124
-134
-110
90
-50
-122
-138
138
108
110
-132
-150
-180
178
168
-150
158
160
160
162
-168
148
144
136
134
-110
-110
128
134
116
110
116
114
-114
128
-142
-148
122
-154
-130
-124
-184
-164
-160
178
-174
-168
-162
180
-164
142
-176
142
142
-160
-142
142
-154
138
98
118
98
66
-118
118
118
-110
118
-114
-66
-120
124
102
74
-70
88
-84
88
-54
88
70
62
-70
-68
68
16
-16
-52
-52
-2
-14
2
-44
20
-32
-14
-40
-50
4
-2
-76
-96
-84
46
-108
104
-104
-114
108
-150
96
110
-128
142
-130
-96
134
90
90
132
-114
-92
90
-112
-122
-122
-92
112
130
-92
150
130
110
-104
-138
-146
154
-110
-130
136
-140
-148
162
110
106
-146
-138
-138
110
108
-120
-68
82
72
72
100
-92
68
-90
-106
-110
110
68
108
98
-98
102
104
-130
98
-104
-120
-122
-112
-148
-104
-98
-120
134
102
146
112
-104
122
-142
88
88
94
-78
114
-78
-78
100
118
124
-122
84
-112
-120
116
104
-124
-78
-82
122
-94
106
-48
-94
48
-48
114
80
-76
76
96
-98
86
76
96
-116
116
-98
-118
92
122
124
-106
98
114
76
76
38
-88
-64
14
70
74
74
-82
46
-72
-40
14
-88
-92
-50
-14
92
104
-100
38
54
108
66
100
-54
90
102
100
84
-90
-112
-114
-112
84
-112
110
116
110
128
118
-116
-138
-114
-166
158
-110
118
-178
164
150
-150
172
188
-110
150
-150
-156
-154
154
140
90
-156
118
-118
-142
144
-140
90
160
126
156
164
-188
-176
-148
164
190
188
-186
182
-176
-188
144
162
-132
120
-120
116
120
-116
116
-120
166
-174
-152
156
-170
148
148
152
-146
-128
146
128
-108
134
134
-142
136
-150
130
-108
128
146
-146
124
-112
78
-118
-124
-124
-74
84
112
-78
-94
-112
126
74
84
110
-126
-120
-94
126
124
134
-102
-102
120
-120
134
102
-132
120
-94
128
-102
-102
-136
126
96
-76
-108
82
82
60
-62
60
22
-48
48
48
56
-48
-56
-22
-52
-62
-78
-62
76
66
-52
34
68
-96
96
34
94
88
116
-66
-110
-112
112
-122
128
150
134
158
-170
-172
176
-158
164
-160
-146
112
-84
84
-44
90
108
-84
-108
98
-80
-44
76
86
-74
82
84
78
-80
-106
94
-74
120
-88
76
80
-94
144
-112
-120
88
108
-130
96
96
112
50
100
-98
-96
108
98
100
-50
120
-98
-98
-98
130
-120
80
-104
106
-90
88
-108
88
88
90
128
-112
-112
100
-112
136
108
-128
60
112
-114
126
132
116
112
-60
-104
-126
104
82
-66
90
72
76
82
-66
-48
0
0
-40
-54
0
54
-94
-80
-88
0
98
-102
-100
88
-104
112
72
82
-108
-128
110
-154
-136
120
150
-126
136
-152
-152
-130
-120
116
124
116
116
-124
-130
150
-162
-124
-160
172
172
168
-160
166
152
154
154
148
156
-100
-130
104
104
-86
-96
86
34
86
74
-74
90
86
106
34
-100
-116
-114
106
122
-178
134
122
-144
-142
-128
-110
110
132
-162
98
-110
-98
98
-160
136
128
128
126
-108
126
-126
-130
-128
-138
130
108
-142
-172
144
-112
144
-96
96
-116
-128
96
-90
-90
126
-124
60
86
-98
-124
-122
-86
-100
-60
-104
100
-106
130
-90
-106
130
-124
-142
100
-100
-134
-104
114
-70
-104
-112
-112
122
114
-114
-70
136
148
-164
134
-146
138
122
150
138
-138
132
120
-136
94
98
-108
92
-108
-74
-96
-92
92
-116
80
114
74
80
98
98
114
120
124
126
-118
-132
-120
120
-180
-174
-148
98
98
130
118
-110
-98
-108
-110
110
124
108
-152
130
134
-158
-124
80
112
76
94
80
94
-60
-76
-60
10
-88
10
10
-86
48
48
-34
-86
-60
28
-74
-98
120
-60
-74
-102
46
90
102
98
-98
102
96
-102
-96
-112
116
118
112
-96
-104
98
-134
-98
-98
74
-44
-74
44
44
-80
-80
112
102
-98
-88
-134
-122
130
-130
-118
114
-130
108
-108
-114
112
112
-108
-142
-128
148
-122
144
114
-114
122
-104
-144
-104
-104
-150
136
142
-152
-156
176
164
134
150
-172
-158
160
-166
128
-118
130
-130
136
134
-134
128
-118
-140
160
-136
-142
-188
-152
-162
114
-118
-114
-114
-160
-118
128
-170
158
134
144
162
-174
178
146
-148
-124
-124
136
-142
-94
104
-94
-94
-168
-144
104
-184
-172
156
-168
146
-86
86
86
96
88
-46
66
-66
18
18
96
14
46
-18
-52
-82
-98
44
-14
-62
-26
-26
44
-70
88
48
60
-58
42
72
-60
78
-96
-64
44
42
64
82
-86
-82
-88
82
-86
-86
-92
80
-64
52
64
84
72
-92
78
70
-8
-74
8
-8
58
62
74
74
-28
50
-54
-46
-74
-50
62
-58
80
-22
-28
66
66
104
-62
-72
104
96
108
98
-128
50
98
116
126
-136
124
-116
116
128
-104
146
-108
-108
116
-82
-116
-70
-70
-120
-122
-112
54
74
-54
-58
96
54
-76
-54
-62
-102
-72
54
104
-92
-100
-90
108
-120
114
130
-120
-88
108
-144
144
144
-106
-120
92
42
102
116
-112
-88
-106
-94
-42
102
-96
-56
-106
-102
-108
116
90
98
-56
90
112
-112
-98
-142
128
122
-104
-120
114
106
-130
-138
118
-118
108
124
134
108
-114
-114
76
86
76
76
86
-92
-92
-100
-98
102
108
102
98
116
-108
102
-124
-92
-106
-130
90
-96
-100
-102
128
132
108
-82
-96
100
-110
130
124
-112
-82
-110
-124
122
122
124
108
122
-110
130
136
160
-136
-120
-156
-120
180
118
-118
-148
170
148
-118
-158
-120
-120
162
150
142
-120
-142
126
150
126
122
-122
148
138
140
122
138
126
126
-156
-162
-144
-126
172
-158
-150
182
176
-148
-146
146
-154
160
158
152
134
-134
146
150
-174
134
-156
-152
-118
140
-98
-98
114
-130
-138
-98
-140
-128
134
-114
-146
116
132
134
-130
144
-138
-94
94
88
-88
94
-24
70
24
24
-56
56
-82
-52
-112
-54
52
-84
-150
136
-134
134
-124
128
-140
152
-134
-134
118
156
118
108
-108
-108
108
-122
108
140
-120
-136
-122
-154
-162
-126
-164
146
150
140
112
110
-140
140
146
112
120
120
110
140
-140
-140
122
-120
-120
-144
-140
122
-144
-144
-100
96
100
98
58
58
68
78
-30
-58
-30
30
94
74
88
106
-132
-104
126
134
166
138
-180
130
130
164
142
-142
130
172
-160
-160
-180
152
152
-160
-142
-130
-148
-156
-158
172
136
130
-130
-148
-136
-144
-150
-118
118
120
-126
112
-112
120
-118
-118
112
150
-118
-122
118
118
-158
138
-138
-134
-128
-156
144
164
130
140
110
106
106
-134
142
110
-140
142
136
-106
134
136
156
-106
138
170
-144
144
-154
-158
110
-108
-112
112
-124
-110
120
126
108
-126
152
-106
-88
-94
-78
-16
-26
-10
46
56
-10
-10
22
-36
44
52
58
-106
-120
60
90
116
106
118
-104
106
-108
110
-132
-108
-82
-82
-134
-144
120
-82
128
-164
-158
120
-128
150
92
120
172
-134
-134
156
-138
-138
120
-144
148
110
-128
-86
68
106
86
-98
-86
-116
-60
104
-100
94
86
-108
-108
-60
84
90
-68
68
-116
-94
-90
116
-124
-62
68
108
-96
116
96
56
62
-68
-80
120
76
96
56
-76
-94
110
150
108
-100
72
-120
128
-128
118
-144
110
96
118
-132
110
-110
-76
110
96
114
-122
122
-126
-76
138
142
156
144
134
126
-152
-130
-100
124
-118
-118
-120
-118
-112
100
124
-120
-104
-108
108
120
-78
108
78
-74
62
86
-90
50
10
-66
10
10
-50
-52
-56
22
-78
64
-80
52
-64
-80
-102
-116
100
-58
-98
108
-122
160
-152
-178
-98
182
-176
-134
-166
170
148
-148
148
-146
-134
-158
-160
-138
-126
-118
126
114
82
118
82
82
102
-126
-120
-128
-102
110
86
-114
-86
86
-88
-88
-104
-104
126
-104
-102
104
128
-138
106
-106
-150
78
-146
-106
-138
-126
116
144
-78
116
-152
-130
-144
-106
-106
108
-118
108
78
-78
-92
-112
-70
-88
56
-50
-40
50
46
20
40
20
-20
36
-50
54
56
36
70
74
74
-60
-76
110
-88
-110
-136
106
-112
132
-94
112
74
-94
-100
100
-126
-134
-88
74
94
-122
-122
-88
96
138
-114
-116
-132
-112
-116
-94
130
-126
110
-102
-122
68
78
84
52
-52
38
-14
14
-44
-86
-14
-84
-58
-74
44
-12
12
64
-64
78
-12
90
-102
116
-102
-70
-124
-104
112
-112
86
78
102
-84
96
86
94
-86
-108
92
-80
-64
64
80
32
78
32
32
-82
-90
-106
-78
78
70
-110
-128
-94
78
-154
150
-152
-154
124
106
-82
-76
-82
40
40
60
58
46
-40
46
-74
74
-52
-54
-46
-68
96
70
46
46
88
70
56
74
122
90
70
-102
-138
-146
114
120
-108
-100
-146
144
-156
-166
146
-160
138
130
130
-126
-150
126
-126
-150
-174
-154
108
-126
92
108
-92
92
-136
-92
122
92
80
80
-100
-92
-118
70
102
132
-128
134
-66
104
-62
-118
66
66
-84
-72
44
36
-60
36
-36
-44
64
72
38
80
108
-116
-60
60
126
120
-110
116
68
-80
-86
100
96
46
-78
18
54
-74
74
-54
60
40
18
-42
-74
-42
-62
-94
-40
-40
-120
98
82
62
-110
100
-108
-100
76
-64
88
80
82
-60
70
-60
60
62
108
-70
-68
-62
106
72
-104
-124
-110
-140
-98
-128
122
-46
122
102
-112
-78
84
-70
-46
84
90
90
-90
98
-68
80
90
100
-86
-86
102
68
80
-110
90
-88
86
88
88
132
122
78
-86
98
-106
90
98
-78
72
-108
-28
78
-66
-66
70
-48
76
2
12
40
-2
16
12
-34
18
28
-2
-60
-64
-66
-30
-88
-54
46
-64
-60
-42
74
84
-64
-72
-74
68
54
-76
108
-96
96
84
-100
-98
-84
-84
112
120
128
-76
112
-100
100
-118
-116
118
-82
-82
60
-60
-54
-46
52
28
-72
46
58
52
-56
44
-62
70
-70
-56
44
-88
-64
-28
48
62
-74
80
-58
-88
-82
74
-98
-82
-48
-80
-88
52
-52
-48
80
-80
80
-100
92
112
-134
-100
-160
158
120
118
-116
94
116
-94
94
80
-78
82
-54
-78
-82
-82
-78
92
78
-54
-84
94
-86
-82
-84
80
86
-102
-96
110
80
-130
-126
82
128
116
-150
126
-150
126
120
114
114
-114
-162
96
-96
-116
-112
114
74
-94
92
92
-66
-46
96
74
-102
98
-112
72
-84
-46
76
96
-46
-98
82
-56
-86
-46
56
104
104
86
-108
-136
126
-150
-106
-118
-138
86
86
-122
90
-90
-86
96
130
144
-110
102
-116
136
136
-148
-184
-174
-148
-144
-130
-128
-120
140
-118
-136
136
-126
124
120
-76
116
-102
100
100
92
-128
-76
122
112
-114
-118
92
116
-122
-66
-102
-120
-110
112
-100
96
-66
96
-88
-88
118
112
-128
-88
-184
-160
-160
160
174
-146
134
142
146
-146
150
-142
144
-134
164
-102
-162
102
-102
-120
-118
-164
-110
-110
-138
-122
142
110
-144
-172
160
140
122
-140
160
-132
-132
142
-142
-136
-132
-136
136
144
-164
-128
146
-144
148
-150
-146
148
128
146
144
-156
172
-130
134
146
-164
144
124
158
124
-134
-124
124
130
124
-124
-124
-120
-130
120
120
130
-130
150
-142
-142
98
130
98
-98
-110
122
122
-102
110
-130
-138
126
156
124
124
-128
-162
-158
124
-158
124
124
140
140
140
136
-102
152
-138
-140
98
100
116
-102
122
-82
124
100
-98
-100
138
-100
-38
-112
-78
-88
88
122
-88
38
84
-62
62
-84
-120
90
-92
-88
-108
-126
-102
88
142
-124
-158
140
-154
114
-124
-128
-132
-128
-86
-118
-114
118
148
132
-146
-86
-118
-130
-156
-144
-104
104
-126
116
100
-104
-100
100
116
-108
-138
116
-116
-136
-132
92
104
114
-114
-122
60
60
108
-92
58
58
-92
-98
-116
58
-98
-96
96
-118
122
160
-146
-114
-124
-132
-132
-118
102
108
-114
104
-104
114
116
102
-92
92
-132
158
138
92
122
128
-118
-174
118
112
112
156
-134
80
-132
118
-84
84
120
-72
70
108
112
-84
92
90
-42
-62
-58
36
74
54
-36
36
36
-46
-46
-72
-94
-124
102
-142
126
124
-182
-148
-160
150
-170
-158
-156
-156
-162
168
168
152
-146
-140
-118
156
-134
-100
-140
122
-122
110
-122
94
94
120
-116
-122
94
102
-116
-144
110
-102
-116
-136
-136
138
-118
-110
134
150
-162
-124
-120
-118
124
146
168
-160
-136
-120
-146
142
132
-154
112
-88
-120
88
-58
-58
88
-122
-112
58
-90
82
-68
68
90
110
-112
72
130
68
60
60
-122
-122
-134
-60
-132
-112
-100
132
-136
124
112
-114
92
96
92
110
-114
-68
-80
-74
-68
-68
-126
-120
-106
-68
114
-126
128
68
114
136
-118
118
-118
-130
92
-88
36
74
-84
-86
84
-40
-32
-32
40
82
-74
-32
-60
-96
-90
86
-70
82
-64
108
-108
102
-106
124
94
108
132
146
140
-134
92
-162
-168
-176
-126
-126
122
130
130
-126
150
144
140
122
132
-142
134
-120
-120
-152
-118
-92
68
92
92
-92
114
106
-112
-76
-90
-92
72
-86
-80
52
66
-70
-48
-58
-62
-24
-12
-38
24
-56
68
18
52
-12
-24
-38
22
22
46
-46
-26
58
46
26
-70
18
26
66
42
52
-64
78
48
52
-98
-106
-88
108
128
-132
86
-124
86
86
88
96
-136
128
-98
-126
-86
86
-112
-124
-108
76
90
-62
76
-90
-80
84
-98
94
52
-60
90
86
-60
-110
84
68
-86
52
52
82
52
82
84
72
-56
-30
-64
-74
-52
58
94
56
30
-72
70
70
-76
72
76
-52
114
92
76
96
82
-114
-62
-80
-90
-76
-98
84
-80
-62
82
48
-76
48
-98
88
-96
48
88
-88
-66
-82
-104
-130
106
-102
-128
140
152
-142
152
104
-148
144
140
-148
-118
80
104
-80
80
112
150
-142
96
126
-100
98
144
-152
-146
-104
-106
100
126
-104
-98
100
-110
126
-116
130
-46
-44
88
-66
90
44
66
44
90
-72
-98
80
-94
64
-84
-100
-106
-112
78
84
-90
-84
88
-90
60
90
60
-56
116
-28
28
-28
-44
-98
28
28
-100
-130
-98
98
130
104
104
-108
-140
136
84
-134
84
84
106
106
112
84
-108
118
162
-110
-108
-112
134
-140
110
134
140
-152
-156
-134
-162
-120
122
150
150
162
-122
-156
132
-164
-176
160
160
-120
-136
120
118
132
-142
142
126
-96
-126
-114
-136
-142
142
140
66
66
-72
-48
-68
48
-22
72
32
-48
58
-70
-78
-42
76
-32
66
52
-32
46
22
44
-82
82
-74
-66
52
44
32
60
56
74
-40
-70
86
-52
58
-108
-94
86
90
122
-94
66
-114
114
-118
-118
138
-126
-98
96
-112
122
126
136
132
-98
-96
-112
146
-146
-112
112
114
-112
124
116
94
62
-102
100
66
86
66
60
60
74
84
-106
60
-70
98
100
116
70
-82
82
88
-104
-90
76
-68
-68
-94
108
76
68
-116
92
64
122
92
-88
90
-98
-98
-64
-90
120
120
-130
98
-98
72
100
140
166
106
-88
-126
-124
-88
-106
-118
78
88
-132
-94
88
112
90
-78
-88
-106
116
98
-98
-82
112
82
82
88
-124
136
120
126
-142
-180
104
104
128
-142
-142
-104
124
-132
132
154
124
-134
154
-154
-148
120
110
-78
78
-118
140
-110
-78
-140
-154
140
112
-136
-104
106
110
110
122
36
100
-36
36
94
-90
94
72
110
44
72
-78
78
-94
-108
78
-98
94
-132
-134
152
142
138
84
88
-94
-72
-102
-92
-88
-86
-106
102
86
-88
-88
98
84
106
60
-84
84
-84
-86
-80
74
54
-62
-70
-92
84
-76
58
-48
-58
-66
80
64
-36
22
-26
20
20
22
-40
32
26
4
-36
10
-10
4
-30
-4
30
32
-24
80
28
24
-24
-60
70
-42
-62
-116
-92
-94
-96
-116
100
96
-116
128
118
-84
120
-92
-140
-128
130
118
112
122
-92
-136
152
-138
-144
110
-100
100
-96
108
-96
-92
92
126
124
130
-92
-132
122
-104
116
132
-134
-102
124
102
102
-104
-126
-132
-126
104
128
134
128
128
104
-90
-42
42
100
-68
-52
-44
-26
30
26
64
68
34
-42
78
-80
56
26
68
52
30
-100
-96
-68
44
94
-74
74
56
-102
94
-98
86
-118
132
86
-86
102
76
-82
60
-76
100
82
138
122
-90
60
-130
156
142
138
170
-142
-142
-160
-202
152
-142
-156
152
134
134
144
-152
-146
118
118
184
-188
-132
112
144
-126
126
142
-128
90
-90
128
128
-126
-90
152
-144
130
122
-128
128
130
-132
-146
108
-98
-98
-108
-120
124
120
100
-98
-100
-82
-74
-56
-72
-62
70
50
-44
-50
-58
2
44
-2
-2
42
80
76
50
-42
58
50
-86
80
76
2
-102
88
-64
-76
52
104
74
50
-72
72
88
64
-96
76
70
-78
-110
92
104
92
60
-48
-54
-60
78
62
-78
62
-48
74
54
54
-54
64
68
50
-112
-104
-112
-126
136
-124
94
124
-122
-122
-150
-124
-94
114
-90
-112
-86
88
-86
-36
50
-80
80
-108
62
88
36
-54
-98
-88
86
50
86
-104
136
100
98
-128
128
128
164
156
132
156
-82
-82
134
-114
-84
38
70
38
-38
46
-78
46
-38
58
54
-54
-84
-110
-38
-56
-62
42
22
56
56
-62
40
-22
-40
28
-22
-56
-70
34
-22
82
90
-108
-34
-82
-88
58
106
-86
-106
-104
-124
-106
-120
-110
-124
-144
144
-160
120
138
-110
-120
136
126
-110
146
-110
-52
-120
96
96
-114
130
104
52
104
96
96
152
-108
104
104
110
116
152
80
108
108
-108
130
100
84
62
-98
-110
-116
-94
-98
-84
-62
-106
-122
-144
-138
-124
-108
-160
-166
-174
158
-108
112
-140
-140
148
-98
104
104
104
-110
-104
-142
98
104
-138
-138
-136
-142
-144
126
124
86
-84
92
84
62
26
60
-66
26
-26
-26
-52
-66
-82
60
84
-102
-88
-64
106
-94
80
-120
120
-106
64
-120
124
92
96
110
100
148
120
-120
-112
-140
-102
-100
136
120
112
102
144
-130
-88
-112
-108
108
126
150
-162
88
-144
112
126
-154
124
124
-122
84
-60
-60
-76
-66
116
-60
76
134
124
-84
-66
116
102
-116
120
126
-102
98
112
-112
122
120
-106
124
-98
98
98
-98
-138
98
-108
-140
138
136
144
-182
-142
-142
-136
110
-136
92
-110
92
92
136
-136
106
124
-106
56
-110
-110
110
132
-110
128
-56
-116
-156
168
-148
122
134
160
140
-148
132
-130
-160
158
-142
-126
150
-132
-130
-122
-152
120
-120
-166
-96
-138
96
-96
140
-180
174
170
140
140
44
-82
-44
26
80
-70
70
100
-82
-80
-26
96
-92
-92
-78
-92
102
-62
-78
-110
114
102
98
82
-118
108
-134
-102
-102
-102
102
102
-62
-96
-102
-94
-90
-108
74
62
68
-74
-112
92
68
-108
-104
-120
-114
76
-134
120
-148
156
124
-136
132
-132
160
-138
138
-124
-176
162
154
138
152
-146
142
-110
150
-128
-128
-154
-138
120
100
-100
126
136
-124
100
120
158
-154
150
-138
124
110
110
-152
-168
144
-110
142
-158
-158
140
140
152
134
-164
-134
-116
164
156
-156
158
-122
-120
-106
-136
-106
106
136
128
-122
-104
-108
-50
30
56
-52
-56
-30
52
30
36
-92
-74
100
-96
86
-118
106
-100
86
114
102
104
104
114
-128
-124
-104
74
140
-140
152
122
122
120
110
-72
-90
-122
-116
-116
138
94
58
90
-122
-94
-94
108
-72
58
-82
-116
128
128
-82
-72
110
-124
-110
82
-98
76
-78
94
-80
36
-40
36
-8
38
38
48
46
-46
-36
-32
8
34
58
-40
-8
-42
-64
64
40
-34
104
80
-84
88
96
-100
88
88
-98
70
70
-92
62
46
46
-94
-100
96
-46
-50
-54
-58
92
-62
-48
80
-68
78
84
72
-48
70
98
78
-46
-80
28
28
-32
-64
-32
22
56
44
64
-72
46
72
66
-22
-66
-80
-82
-22
-80
-36
-50
-84
-78
-78
36
74
-36
46
60
-36
-36
52
-46
-84
-52
-116
86
-74
-104
108
108
-72
-124
118
-120
-134
-150
-150
90
140
140
-140
-178
-134
-146
-176
168
-174
-138
160
-80
138
124
124
160
124
-146
80
124
-84
-84
146
-144
-150
122
142
-132
132
142
-136
136
132
146
138
146
-150
-162
140
-136
142
142
110
144
72
-72
-116
112
-114
72
-86
116
-102
114
86
-158
-118
112
-150
142
-142
-128
124
-114
-112
114
-114
142
142
128
148
140
-120
120
108
-140
-108
-92
92
118
128
-86
86
-106
98
-122
82
82
124
-90
-90
92
104
82
-76
96
76
76
88
-96
-116
86
114
-92
-116
100
-80
-106
52
42
42
60
72
-94
56
42
104
-108
52
42
-92
-96
100
100
-126
-92
114
118
108
90
118
90
-90
132
-122
132
92
-144
-168
132
-126
-126
-82
-104
82
-82
120
84
84
126
-98
-150
84
100
114
122
-122
98
-138
112
98
98
100
-146
-128
-98
116
124
-110
-146
160
170
-142
154
158
-106
106
-138
132
-88
92
-120
-106
-118
-122
128
88
-92
104
104
130
134
152
-158
-158
-138
-130
118
82
-92
118
118
-118
114
-120
-82
86
96
-114
-108
108
-128
-116
-86
96
-114
114
-144
110
-120
160
168
168
-136
-136
-124
122
-116
116
-80
132
80
80
-122
-110
-110
126
120
-114
-120
-88
112
120
128
148
112
-116
88
124
114
96
126
-112
116
122
148
-100
-96
-114
114
-136
136
88
-130
86
88
122
-86
106
120
-110
100
116
-86
106
108
104
132
100
-118
-150
-152
-104
142
128
128
166
136
-174
-136
136
156
146
-146
136
146
146
-148
148
-134
-160
-146
-146
-136
-148
124
104
116
-124
124
-104
-116
-104
116
-142
-156
110
104
-116
-140
116
110
158
-158
154
162
172
-124
124
138
156
116
102
-142
-120
-120
122
-126
-98
-86
122
84
-36
-64
88
86
-56
54
16
-16
-34
-80
34
-68
-54
16
-2
68
54
-62
58
-84
-78
2
82
-86
-116
94
90
106
-126
-130
-138
-134
-136
110
110
-106
-110
112
112
144
126
-110
106
-124
130
128
140
-150
-132
182
-186
-144
122
122
-158
-154
-144
122
148
-104
78
112
-84
-98
104
62
-78
62
62
-20
-94
50
50
88
-46
4
14
-4
4
10
14
-68
32
-18
4
-10
10
52
40
-46
-54
-50
78
-90
54
-96
-94
-70
72
-40
-96
78
88
-40
-70
-70
64
92
110
76
-128
152
132
158
-124
-124
114
124
-114
-66
-96
-90
-90
-110
-116
-128
66
96
100
130
156
124
-138
-164
188
186
-146
-146
-156
162
-120
130
100
-122
-100
112
-68
-90
84
-84
90
94
-102
70
88
-76
-58
-62
