70
-122
118
118
122
-122
120
70
120
-120
144
112
112
130
-118
84
-110
-106
-106
106
-116
88
-84
-110
-102
-102
-106
-134
-48
-90
84
84
-102
-92
-110
48
-114
106
104
92
128
110
-88
-90
-122
-120
-120
132
-110
-88
124
-110
116
-110
110
-106
-94
110
114
138
78
78
132
142
94
-78
-136
134
-128
-94
-108
-134
108
-108
120
-128
-128
-144
96
-96
54
-76
74
-62
88
94
-90
82
-76
-62
-104
-110
-110
-108
-54
-90
-136
-138
-102
110
128
-106
-118
-134
-128
-112
-118
-142
-124
166
-156
128
-112
-144
144
-144
168
-178
-110
110
-144
146
-138
110
138
-138
-170
138
-138
-138
-140
90
120
108
108
108
108
140
90
84
-84
132
-120
-64
-84
106
106
136
120
-114
64
110
94
96
94
-94
146
-118
118
-108
120
118
-106
-144
-106
106
-122
158
154
-110
-174
190
176
-166
-176
-166
160
160
198
160
144
132
-124
124
124
134
-116
88
88
-116
132
102
88
102
102
-152
-132
-116
118
110
96
-140
144
130
-158
142
-138
-96
-142
148
172
160
144
142
176
184
-158
114
-114
108
122
88
-88
-112
-128
-74
88
-112
124
128
-146
-134
-74
-88
-114
-138
-108
-102
96
-84
-108
108
-114
128
68
-68
78
94
68
58
-58
94
-106
76
90
58
84
-98
-110
88
116
-78
72
76
112
-108
-58
-120
146
146
-154
-120
-142
-142
150
-156
146
-142
140
-146
-152
-166
-166
172
-114
114
154
172
154
-114
168
162
150
-154
-158
-158
-168
170
106
-70
104
58
98
-126
-82
80
-60
-50
-42
-86
-92
102
-26
18
54
-18
18
44
68
-50
-54
26
-22
-76
-66
-44
86
76
-68
-40
86
98
-90
110
-86
-142
102
136
-136
-128
128
-136
140
-116
110
106
88
-92
-92
98
-92
92
106
-88
-130
124
-118
-100
114
122
-96
96
128
-152
114
96
-132
-132
180
154
-168
-182
-182
-160
168
-172
-170
176
-138
124
-160
-158
-150
138
138
-158
124
146
164
152
140
134
-134
-162
152
-148
-138
-152
-134
134
-142
-158
168
158
-130
-130
-144
-174
-144
-130
146
-172
-172
162
164
130
130
-126
-172
-124
-124
-130
-140
130
-124
176
186
-158
152
-190
194
-180
196
-152
-180
-150
-146
-142
86
114
54
-88
110
-110
-92
86
110
-54
94
-62
-114
-84
-84
-112
122
80
-62
-80
80
138
-156
110
-116
112
-144
86
-110
86
86
-138
112
-124
96
-96
106
-106
102
-86
114
-92
-92
-92
92
18
50
18
-18
-94
90
50
-52
50
54
-54
80
50
86
-64
116
-90
90
142
154
-126
104
130
-128
124
-114
-62
106
-46
46
-62
-88
62
16
-48
-22
-44
-66
48
-48
72
-86
16
16
-84
48
-84
42
48
66
66
84
-64
-102
84
130
-96
120
-96
102
-96
118
-128
128
-160
-132
106
104
-148
136
-134
156
-118
-150
-92
-124
-102
-102
112
50
56
-12
-38
-12
-32
64
70
-20
56
12
-38
6
-12
6
-6
-22
-34
-56
30
-70
-42
-66
76
-78
66
-108
96
96
-104
136
-152
-110
-146
162
102
-110
-80
80
-118
-116
-94
80
94
94
-112
-100
-122
132
-140
-160
-142
-142
162
104
-114
104
104
-138
-146
124
-98
106
-96
88
-94
88
76
18
-36
-2
-2
-14
-24
16
48
-36
-20
-32
-2
-8
-2
-58
48
22
8
-8
38
36
-22
22
56
12
38
22
78
-74
12
-72
90
48
-38
98
102
-64
-106
136
136
78
-142
-120
-110
-140
174
-162
-120
-164
-132
-110
138
110
-104
148
-120
-126
134
92
-98
-92
-92
98
-126
-126
-116
108
-124
-126
102
-96
-130
92
-92
102
106
-106
-92
-136
-136
98
-130
56
-56
-126
-104
104
-56
-110
-110
-124
120
-110
118
132
102
72
96
80
-66
92
76
76
-38
-100
58
-58
82
94
-60
38
-76
-92
88
60
-76
132
126
118
-128
-132
112
-160
-166
-166
-134
-150
94
92
100
-118
-100
90
-118
90
90
118
-152
-152
150
134
146
92
-92
-138
146
138
-92
-156
146
152
126
-152
-160
-126
126
142
-142
-148
126
-142
-158
158
-174
140
164
142
142
168
116
164
-128
128
174
-164
-106
-116
156
-156
156
150
116
106
-152
-134
150
126
118
-112
110
112
-110
-126
110
-110
-136
136
-108
132
-98
98
140
128
-128
98
-160
114
108
-128
148
132
-90
114
116
100
94
-94
-110
76
-100
76
-76
112
140
102
106
116
148
-150
102
-116
114
-96
-70
-66
38
38
-32
32
-40
12
-38
-64
32
-42
60
-82
-56
58
12
58
-12
36
-66
-4
12
4
-4
-56
46
50
68
78
114
-78
-68
-76
-106
132
138
148
-160
-140
152
152
-148
-144
160
118
-140
118
98
150
-118
-118
-122
-128
-56
-90
-112
128
78
98
68
56
90
88
-88
-80
92
68
-68
100
122
-128
128
-120
128
-124
-120
-120
130
-144
126
142
116
116
-162
-148
116
102
-138
102
-100
100
114
-126
118
-104
108
118
130
-136
120
118
100
108
-136
-136
158
-160
178
186
146
-166
-144
-124
-120
-120
-114
-118
-98
-92
80
-102
-80
-80
-108
-94
-92
-106
-118
-106
-116
-114
92
92
-98
-126
98
-86
102
102
106
114
106
-124
136
-156
-136
134
140
-130
148
130
-108
-108
124
-106
106
106
106
-56
-70
-82
-106
-126
92
108
56
70
-70
128
-132
102
-102
-122
90
104
110
110
-116
70
132
-138
138
128
132
176
188
-154
166
154
132
132
144
-118
118
-104
-132
98
94
100
94
-60
60
132
130
102
60
102
-102
-94
106
136
130
-94
82
-120
142
140
82
120
-108
-116
156
132
-142
-124
-146
-150
126
-138
126
-126
-126
-130
-154
-130
126
128
-140
-116
146
-116
-116
122
-128
-84
76
86
128
-122
84
98
144
76
86
128
-114
-114
136
152
146
-142
-124
-138
-138
-138
-138
-138
-174
-124
140
170
178
166
-144
-150
142
-144
166
-164
138
-136
-118
118
-116
162
116
116
162
-134
-134
-164
170
-136
152
-140
-122
-122
172
-178
-128
114
-142
124
-138
116
142
-110
80
110
80
80
110
156
-118
122
118
-86
-142
-98
-98
-134
-100
-100
86
132
-132
132
150
154
-154
-174
182
-202
164
158
158
168
-164
-134
-126
126
-148
136
-78
100
92
92
-98
-92
-92
-78
98
-126
-102
116
92
102
-106
140
150
130
-130
106
-88
-86
96
86
-74
60
68
-60
-76
60
-102
92
82
38
-98
64
64
82
-90
-24
-24
-88
-114
84
-24
-88
-134
108
-84
-88
122
-98
136
106
142
154
148
-108
132
126
-128
70
-120
-60
-60
120
94
126
-60
94
120
128
-122
-116
120
104
144
152
-134
-122
-134
-126
148
122
122
-132
114
-122
-112
88
120
88
-68
68
-114
124
-116
-68
130
-134
-122
130
-112
98
-140
130
130
-114
-138
-134
-130
-98
106
-120
120
98
-112
124
104
110
118
-118
138
-106
-122
110
-136
-136
-118
146
-162
-156
-120
132
-142
142
148
148
156
164
164
-166
200
-174
-174
156
-148
-160
-112
-114
100
-100
114
-162
-142
100
-116
-164
-142
116
-130
116
-136
88
88
-136
-140
138
88
-138
144
-130
-130
-136
-128
40
-130
94
-94
120
-148
76
40
-132
-154
-154
-76
132
-142
162
140
-140
150
116
152
140
-144
-168
-168
-158
116
134
-152
-128
-156
128
-128
-170
-152
152
146
174
162
174
104
104
148
-104
-106
88
88
-118
96
122
88
-92
-92
-106
-142
-118
92
-126
138
138
-120
-128
126
108
110
-140
-144
-126
-136
-76
126
-110
112
146
156
-122
-76
-158
160
146
122
160
182
194
-170
-174
-144
-152
144
138
-138
142
-126
-126
-138
130
-130
-148
-144
126
96
-130
148
144
136
150
116
96
130
144
142
152
-132
-92
124
-104
-104
114
114
114
-88
-136
68
68
132
-108
-102
-68
-108
80
80
88
108
-102
-80
88
112
-98
138
-120
116
102
112
116
106
144
106
-106
-110
-134
-118
-136
124
124
-132
116
-102
-52
52
88
68
-78
52
-46
-62
-4
52
6
-4
46
52
58
-56
-64
4
-22
66
66
64
44
-98
-40
-76
88
94
98
-48
106
-42
-42
-132
-114
-126
-42
114
136
-124
-148
118
-160
-130
78
-100
-120
-120
148
134
116
-78
-100
136
-152
-128
-138
-116
-130
138
-130
112
-130
132
-132
158
-168
150
-122
160
-112
112
112
-118
-164
146
-112
136
168
158
-138
114
114
-148
-136
-62
-118
80
80
92
100
-90
62
90
-90
100
94
116
118
150
100
-136
-130
154
146
-120
164
138
138
-134
132
-130
110
-110
-138
126
-116
104
-122
108
72
-112
72
72
-104
86
86
-84
-102
88
78
-120
-100
86
-76
100
146
138
106
114
-96
-90
-108
-112
126
78
110
96
-90
110
102
-104
-78
-80
-84
106
84
-80
104
112
146
-130
160
-116
136
134
134
-154
108
-158
-132
-148
150
146
154
114
-142
-116
-126
124
-122
142
-114
142
116
-164
-146
-122
-142
126
-126
-98
-132
110
110
-150
136
-136
98
140
140
154
-168
-154
-128
114
-124
-136
-122
122
124
128
-114
-130
-136
122
122
-134
142
134
134
146
-136
98
98
108
132
-108
-98
106
124
144
120
106
120
-120
156
-136
-162
150
-130
-130
-132
-148
-156
-180
182
-196
-176
-132
158
-170
166
-154
150
126
-126
-158
94
-150
100
100
130
130
114
-94
130
104
-104
114
-148
-128
-108
128
144
152
-128
144
-136
136
-164
146
162
150
-182
-176
182
132
-92
-136
-120
104
-112
68
-66
34
-86
-34
-34
-86
-66
82
-84
-94
-60
98
-110
124
-112
-106
136
-114
94
96
-104
96
-92
-104
104
104
110
112
-128
-114
116
-142
-138
-150
-134
156
170
-166
176
170
128
-128
-138
-160
128
-108
-106
100
-120
-110
88
92
76
-86
-114
-106
72
40
-78
24
40
-24
-24
78
-64
46
-36
-82
-68
78
78
82
78
-46
104
78
-68
98
-108
-138
-138
-122
-98
-98
-106
-142
106
98
140
140
-138
130
-152
122
112
138
-118
138
-118
-118
124
154
138
-126
110
-138
-156
152
152
-160
-136
-110
138
-124
124
-128
-118
118
-82
112
82
-72
72
106
-140
74
72
100
-122
138
-102
-88
74
116
118
-132
102
114
78
90
98
-128
-122
78
128
124
112
-98
122
-126
-108
86
-140
-156
-110
-86
132
142
-144
128
128
118
124
94
-82
104
82
82
94
-124
-110
-82
-110
100
-112
100
100
114
124
154
-126
-154
-114
-154
146
-146
146
-146
128
114
-148
148
174
-142
128
-96
-128
-126
138
126
126
-128
96
-134
-102
144
-132
126
164
144
134
82
-154
-148
-138
158
136
130
-82
158
-158
-142
140
136
-104
138
-116
116
132
-92
108
-104
112
-96
-134
132
-92
108
122
124
-96
-156
172
144
-130
130
160
-172
120
-126
120
-120
126
156
-144
126
-158
148
-178
-164
-150
-150
150
154
-118
-150
-154
154
134
132
140
-118
-140
-140
142
108
122
-110
-110
156
-104
120
100
-104
100
-124
102
-102
-72
-102
72
50
-78
-72
74
106
72
-72
50
82
-98
102
104
82
-102
-122
-102
-98
-90
-148
-150
154
136
-116
126
170
-176
150
126
146
136
156
-142
-128
-128
142
-120
100
128
100
100
-140
-136
134
-110
120
-104
-112
104
-20
66
-76
84
120
-90
-104
64
-66
-20
20
84
-84
98
96
116
-76
-124
142
-110
136
-132
90
114
-98
116
-122
-100
74
114
-116
94
82
106
34
62
-98
-76
92
-60
76
22
100
-98
-86
60
86
-90
54
-82
82
-82
-42
-62
42
22
-80
62
-60
-68
102
-64
90
90
-90
102
106
-116
122
88
116
98
-98
-122
-150
140
106
-122
148
126
134
154
-138
-144
-134
116
-144
-116
116
138
-146
-134
-174
-158
180
-140
-146
146
-148
144
142
144
-136
-144
128
-152
-134
122
128
-122
128
-128
-128
-128
-108
86
112
86
86
-116
-110
108
-110
-102
-122
114
118
102
-70
138
110
94
72
106
80
-40
-98
66
100
-56
-86
56
36
76
50
-50
68
66
88
36
-76
-66
-82
90
90
-116
78
76
-110
-118
-108
-76
128
128
-148
106
-130
-136
132
-144
140
134
116
86
-86
116
-130
-134
-86
-126
132
122
-118
-156
142
-116
148
-96
96
-92
-128
64
-64
-106
122
-86
60
60
-86
-114
-100
-60
-118
-90
-90
96
-112
130
-84
-104
138
-162
-154
152
-136
-156
-150
148
-148
-184
-114
-136
114
114
-138
-130
130
128
-172
138
-126
112
88
110
106
-106
110
126
-112
88
130
-140
138
-126
-134
-156
-158
144
-154
138
142
100
108
90
90
142
106
90
96
-72
-106
-72
60
-114
-94
-94
94
-102
72
-60
-90
-84
112
72
106
96
92
-114
84
114
-164
-116
108
128
98
114
102
128
-122
-138
-122
98
-114
102
122
-136
138
148
-104
-134
-130
130
-136
-128
124
-108
-128
-138
132
132
128
124
-130
104
96
-116
-98
-98
90
90
98
-46
-44
90
-106
-84
-102
98
-46
-64
88
80
-80
-80
88
94
-44
-74
-102
-84
132
-74
-124
108
-108
88
-118
-88
88
134
-108
-118
-110
102
-82
80
84
-62
62
-82
-110
-68
-62
-68
68
104
-74
-122
112
150
150
104
-152
-150
150
-138
136
-136
104
-108
124
98
-124
98
-98
-112
142
-124
-132
-170
-130
-150
112
-130
-118
-118
-162
-168
140
-112
130
164
174
150
-130
174
182
-172
-152
-128
130
-142
-114
114
-72
-76
-120
-108
78
-134
-88
72
-76
120
-94
78
138
166
120
-90
138
-144
136
114
152
-114
114
-128
-164
-190
-176
-128
-168
-166
-166
-150
154
154
154
156
152
-136
-106
-106
-136
-110
-122
-106
110
140
140
154
-156
-150
-150
144
-138
-128
-140
90
-138
90
90
136
126
-102
90
98
-98
-122
72
-112
98
90
126
136
-122
72
-130
-154
-164
-126
130
-168
160
-128
-118
118
128
122
-122
-118
154
132
134
130
-156
128
128
134
144
-156
128
-134
146
146
-158
158
-146
-142
134
-90
-112
-106
-126
-140
-84
-126
-56
92
78
-78
124
-84
-90
56
-124
-152
-88
-104
132
-152
-170
-172
164
-146
164
146
-130
-130
144
-166
150
124
-124
-146
112
124
124
142
-128
-122
-108
-96
-104
76
-72
-52
-102
-96
-108
84
76
80
-52
110
104
-104
-92
-124
124
124
-132
-116
106
72
-146
-116
116
-144
112
114
128
128
-154
-142
128
112
128
126
126
-126
-144
-126
-102
124
108
108
94
126
-94
56
-102
-56
-56
-124
102
-138
-72
-114
154
154
148
-114
-140
96
-122
116
116
-140
-122
-138
-142
142
144
110
110
156
-146
144
110
156
-160
-146
-146
-114
152
150
-116
-138
122
106
-88
-106
-98
-98
106
116
110
-88
-106
98
114
124
120
-90
90
90
90
124
118
118
100
-140
-158
-144
-110
164
-142
-112
136
140
-140
-110
158
-158
112
136
164
114
-114
124
138
-148
114
-152
-140
-136
124
-144
-144
152
-164
-162
-150
-172
-158
192
-158
-166
142
158
136
-136
156
-136
-128
136
128
-112
138
-144
136
128
142
-104
104
-148
-132
-134
-104
132
-134
-168
142
-144
152
-138
106
-106
106
-106
-122
142
132
120
106
-132
-148
138
-132
150
156
-144
-164
-144
-140
-136
-106
-130
106
106
188
138
130
-156
170
170
146
154
156
152
154
-148
-154
94
-132
-94
-90
-90
110
-116
-108
-70
66
72
84
66
72
64
64
-64
-66
-20
50
60
50
50
70
-80
-20
74
50
88
78
-108
50
80
104
118
-118
98
160
-130
-128
-190
160
160
-170
-180
-180
-206
-186
-220
184
178
158
-160
-144
-126
-110
-86
-70
70
32
-94
64
-76
54
-64
-32
56
100
-68
-88
32
56
-94
94
-92
-56
-96
-96
116
116
96
114
102
112
142
-126
126
146
-184
148
112
-148
136
136
154
-198
182
162
-178
154
-154
-146
138
-108
-108
138
-144
-132
110
108
104
-104
100
-40
-82
-62
-62
-62
-58
-52
16
30
-12
-38
32
-34
-46
34
20
-18
-36
8
-8
36
52
82
-48
-8
-70
52
-60
8
-58
-84
-90
-96
74
-120
116
-154
-128
134
-144
148
174
174
192
-166
-180
180
-198
-156
126
-128
96
110
-102
-98
-100
82
-34
-76
-62
-38
-68
88
-32
76
62
-74
-84
-46
70
28
44
-28
-52
-46
-28
76
-80
-42
36
72
-64
60
54
30
58
16
-30
36
36
28
48
28
0
56
40
50
-70
72
-32
0
-56
90
-88
32
56
124
-132
82
-80
-124
136
124
162
-152
130
-152
-130
140
116
124
102
116
146
-130
-144
-128
124
-102
-134
-160
-168
-156
160
180
-154
-154
-102
126
112
-106
126
110
-126
102
110
-116
116
114
-100
100
70
-94
-70
-52
94
-80
80
-100
100
-86
-52
-112
-112
112
-86
-122
88
-90
138
-130
-144
-98
150
-172
-134
-118
124
124
-108
118
-126
-118
-138
-160
-128
-108
-128
134
148
122
122
88
100
88
34
-98
-106
-100
132
112
-112
-34
-66
-92
-86
66
-92
108
-122
-86
-66
122
-118
98
-108
-136
126
-110
-126
-142
-144
124
182
-148
148
-164
-156
-150
-150
-168
168
-164
104
68
-104
-104
-96
-76
-84
68
-76
-98
102
94
-80
84
-68
52
72
-70
70
108
106
88
52
110
-62
-62
106
-116
-116
-116
106
-150
156
-122
122
130
-110
-116
122
-154
-128
-116
130
110
-116
-146
-136
116
128
-144
-96
-136
-116
-118
-146
160
-130
124
-100
-114
118
118
120
100
-96
100
-100
108
-140
-166
-112
-144
-116
-138
116
-112
126
112
-112
116
-122
154
-128
136
-150
-124
-168
-164
122
-138
122
122
146
-156
140
124
124
-122
-112
112
-94
-74
42
52
-36
58
-36
-36
-58
-66
-78
-44
42
88
-82
-100
-86
96
-116
98
-104
-136
128
132
-84
-100
-102
82
90
112
90
72
34
-74
-64
54
-74
-102
52
-90
50
40
38
34
-38
-34
54
64
74
60
46
-114
-106
-104
60
84
-94
-74
-126
58
-118
-102
102
-128
112
112
102
-146
-154
134
-124
-148
-134
-126
90
-90
66
106
-90
82
-82
-84
68
66
70
70
-92
-92
-112
68
104
156
-154
112
-120
156
-146
-158
158
142
-100
-124
100
100
-136
124
-124
-116
154
148
104
104
90
-142
-90
90
94
122
-120
118
94
-136
-98
120
124
116
-116
72
96
72
-72
-82
94
68
-68
-74
-122
-56
-68
-106
-100
-110
-100
94
56
94
-128
132
-116
-94
128
-90
90
52
88
-52
52
-54
102
92
116
-54
-82
-84
104
118
-82
-134
-98
-144
-104
-148
122
-94
110
96
-116
-86
110
-90
-94
90
90
106
-86
106
-104
108
100
128
-112
-122
112
112
128
-128
128
-140
148
148
128
158
128
128
-132
132
-164
162
148
-132
144
-142
-116
144
-124
-122
134
-126
126
84
92
102
-60
60
100
-110
84
60
-108
-108
-154
-126
-116
-128
-120
102
-108
-102
-76
106
114
-108
-118
-102
114
76
-90
118
-134
114
120
-110
-120
-90
-104
120
118
118
-126
148
-98
104
-132
-132
146
-168
-138
98
-126
-110
-110
114
114
-142
120
-116
-114
-120
-136
-142
110
-120
110
110
-110
-136
136
126
112
-160
88
-88
-138
-136
92
-88
-114
-96
-102
-106
100
-92
-60
60
-126
128
-86
60
134
-140
-128
-122
128
86
88
-126
126
138
-126
114
116
-134
126
-114
-136
-162
-108
-116
134
126
-144
-148
100
-108
-126
-122
122
132
-128
-100
122
128
-128
-148
138
170
158
-128
136
-152
142
122
128
130
-128
-136
126
-124
122
128
126
126
-124
126
134
-140
126
132
124
-152
124
-88
162
88
-88
140
138
-138
-154
-132
-126
-144
110
-110
130
146
128
-110
-140
146
-138
-130
-154
-132
130
98
-96
92
-96
-92
92
154
134
-120
138
-138
148
140
-150
-168
-146
-160
-130
-148
-130
-130
146
-146
-120
110
-120
84
84
-122
138
-128
84
122
118
-166
-156
140
128
-164
-116
150
134
-136
-90
-90
-110
-38
102
-44
44
-102
108
-116
-38
124
110
-128
-136
-132
-124
-102
150
142
-138
148
146
146
-158
132
-118
120
-142
142
-150
-144
132
-118
-120
-142
-172
-160
-152
-118
-124
144
132
-122
-144
100
118
122
-122
142
-50
-128
74
-74
-126
-138
-120
50
106
-142
-120
138
-106
158
-126
-88
132
122
122
124
-132
126
-88
126
160
-152
136
126
152
124
-156
-120
118
122
118
-118
-120
-126
-100
124
100
102
-104
104
-104
-72
110
72
72
-114
-114
110
124
-110
100
-114
-126
126
140
96
88
-114
-134
-134
134
-146
96
88
148
144
136
122
-134
148
-120
-156
104
104
120
-138
138
-104
114
146
-136
-120
114
-134
-106
-160
-136
-122
142
152
-128
106
120
-116
116
-120
-140
128
-146
-116
-116
-138
-116
122
150
-172
-142
118
-132
142
-136
-136
-142
-148
-98
-132
-152
152
164
158
-162
-98
-136
-148
-152
-150
-128
128
-164
126
116
-120
-100
100
126
-140
-120
100
-150
-146
-148
126
126
126
-174
-126
78
148
142
-142
134
116
-158
-78
-106
166
-168
-152
82
-150
106
122
-146
-122
-122
-102
-120
-84
82
120
-108
108
-82
108
108
82
-114
108
-132
146
160
132
132
138
-128
-126
104
104
86
108
-94
94
-112
150
-124
86
112
-130
98
98
112
-54
84
58
-32
-80
-34
-18
50
22
-26
52
26
-22
18
-22
-70
-48
32
-44
90
78
-126
-70
-90
88
-112
-118
-118
-140
-146
116
116
94
-118
-94
-82
126
-116
-76
-138
112
-112
58
-88
58
44
62
-84
-84
66
62
-76
-44
110
-114
-114
-120
-130
120
-94
-48
126
110
-110
-102
-118
-74
48
100
100
-128
-104
-110
-92
74
134
-132
110
-74
-120
120
-128
-142
106
-82
-100
70
-70
96
-72
50
36
100
-90
90
124
82
50
84
-110
-88
-96
-64
-114
-78
-42
92
-58
-40
64
-76
62
68
74
84
-92
40
-48
-72
-42
40
-104
-78
-122
-76
62
-70
62
50
74
96
-70
92
-104
-56
82
-104
6
6
-94
-110
60
-48
-82
36
-36
-6
-76
6
-16
-100
-76
76
-80
78
-124
106
-102
78
-126
126
130
112
106
132
150
-172
144
-142
-172
-150
-144
-134
134
134
134
-144
162
150
120
116
112
-124
100
-86
-108
-106
-88
-90
102
90
86
-134
122
88
-118
-110
-92
-94
128
-98
-98
76
114
-76
76
-120
-126
94
90
-104
-90
-112
112
-92
-86
-98
-106
-54
82
-54
-44
-44
-68
110
82
44
-110
-74
90
98
114
-90
-64
88
126
110
-62
-88
-64
102
126
-108
66
-84
62
28
50
66
-68
66
-28
-72
-18
18
-62
-52
-78
14
38
-14
56
-48
-42
38
-62
84
10
-10
64
48
-10
-62
44
70
-90
10
36
80
80
74
84
112
-66
-100
-128
-134
-120
102
124
102
102
-108
100
116
-100
90
118
-120
128
144
118
162
90
-142
-120
-120
-172
-160
-160
146
-178
-172
144
110
-110
106
-146
126
-130
110
114
-110
-106
-106
-130
-126
126
-106
-152
126
110
-132
124
128
-144
154
142
-130
-92
110
110
-124
136
134
152
-92
116
152
-140
140
176
-172
-144
-136
-130
92
100
-92
-92
98
-110
100
-124
130
-96
-112
100
-74
100
96
74
74
96
-74
-120
102
-96
74
-102
-142
-160
-154
100
116
-90
-104
52
-104
50
62
50
-60
82
-50
50
-70
-70
-92
76
82
-82
-84
-82
90
100
62
84
-100
-100
90
84
-114
62
112
112
146
126
82
-130
110
150
-152
-130
-126
78
-130
78
78
126
-146
-138
-132
-146
-138
134
156
140
142
-128
-126
124
-136
-146
144
144
-70
-128
78
78
116
-112
96
70
-78
-128
-116
-112
-100
98
70
-70
-116
-74
-74
-70
94
116
122
66
-88
42
-66
-96
-96
118
-74
94
66
-86
-42
-42
78
-106
86
-94
-112
74
70
78
144
134
102
-106
-134
152
-140
140
-158
-140
140
136
132
-128
84
-128
110
-110
-128
152
-128
-84
154
-164
164
170
198
178
-168
-164
-164
130
-158
-100
98
98
-140
150
100
98
106
-152
140
108
108
98
102
102
108
48
-128
72
-72
114
104
104
48
-90
88
88
-102
-90
126
-114
-118
-102
130
126
112
-130
112
-112
132
158
-158
142
-158
-142
122
-154
154
160
-190
170
-154
122
136
118
158
118
-118
-144
-144
-144
-160
-144
130
124
-130
-130
130
142
148
-148
-130
-166
146
146
-154
-120
118
78
78
118
-102
118
78
128
-168
-162
118
102
152
-148
-154
-136
146
-136
116
154
154
-144
146
-164
-148
132
148
-122
122
-148
156
-156
-122
-148
-160
146
112
-158
-100
100
100
104
92
88
104
-102
96
112
-100
70
70
108
94
96
-70
94
-94
-108
102
-102
104
-138
-102
136
116
152
116
116
-116
-116
-136
-150
-150
-154
-136
154
172
-132
-150
148
148
148
132
-148
108
-108
-174
-116
144
108
-116
-166
-164
120
-126
116
-108
-110
-108
90
116
-90
90
-110
118
148
124
-146
136
146
-118
-146
-118
-118
140
126
126
148
166
-108
140
108
108
-116
-142
116
-116
-132
-150
-120
-126
-128
-112
112
140
-134
142
112
-130
142
-152
-156
-144
136
108
78
100
-114
-114
126
-110
-112
78
-100
100
-98
128
-98
-92
100
120
118
124
-86
-120
104
-92
122
110
-110
-86
98
88
88
-98
-114
-126
-98
108
120
116
116
110
106
-96
-108
108
132
-134
-108
-106
-96
110
110
122
116
116
-122
146
-158
120
102
164
116
116
-118
-124
-118
102
146
-106
106
108
-142
90
-106
84
-118
114
62
-84
62
62
-82
82
-84
94
126
102
96
-84
112
-122
162
148
122
144
-150
-142
-142
-184
152
-152
-142
162
154
120
120
-134
-138
92
92
152
-130
-126
90
112
-96
96
98
-84
70
-56
70
88
-70
-74
120
-94
66
76
-112
78
102
-76
-94
56
-106
-78
-122
-120
122
130
156
-146
-104
-166
-156
-156
-138
-164
166
192
-166
-178
-190
176
166
-178
-154
154
148
174
130
-118
118
118
-146
146
118
134
-166
166
-118
-126
138
138
134
110
-108
108
110
120
-120
126
96
-80
-130
96
96
64
112
80
-80
-116
116
38
-44
80
70
78
76
70
-38
70
98
100
-112
-44
-86
-116
156
-162
118
168
-164
-168
-168
-166
-170
148
-124
-144
-134
106
-138
106
-94
-108
94
-102
102
102
106
-64
-78
-32
32
-14
-2
2
14
2
20
12
-2
36
20
26
28
64
-44
-6
-14
-100
-98
80
50
-34
-72
88
-76
46
34
56
60
-52
-64
-64
-72
-104
-104
64
38
60
42
-54
42
-38
60
70
34
-70
60
72
76
96
90
-114
-120
-126
-116
90
124
-122
-102
-126
-152
-152
-96
-136
-170
-142
126
-122
122
128
-96
-120
92
92
-120
142
-104
-88
-124
68
88
-104
122
112
98
76
56
42
60
-42
38
38
66
32
88
28
32
54
-54
94
70
14
14
-70
-84
-84
-14
-70
-74
-50
-86
-100
-136
-78
-86
-84
-114
-142
-128
136
-110
146
-190
-184
174
-146
178
170
170
-170
-168
-156
112
136
-126
-96
-92
-120
-128
108
134
106
-96
92
102
124
112
100
-102
100
-100
-122
-102
-102
-136
148
154
-138
-122
-126
170
-118
118
-134
124
-136
106
-94
102
124
120
100
100
118
94
-102
-76
-116
-108
-104
126
102
102
76
126
-136
-128
-120
-116
154
184
172
-178
130
-122
132
94
-114
108
104
-114
72
-100
-38
68
92
94
92
102
114
72
60
-92
96
68
-98
90
-38
60
92
110
-68
90
62
-108
122
-70
62
94
-116
-124
92
-94
-130
98
98
140
-150
-124
-98
-136
144
-172
182
-174
144
162
168
-168
174
178
-168
142
-148
-148
132
116
-112
96
-96
-88
-134
122
-96
136
158
148
88
-148
148
-150
-178
188
-150
-150
154
-150
-154
-108
-126
136
-130
-140
-122
-140
108
-122
130
-134
160
134
160
166
142
-164
-152
-152
164
-164
164
134
-120
-76
76
110
-128
-88
-76
-110
122
-138
-92
-118
88
100
142
136
-114
74
-110
-78
-78
-150
108
110
74
-108
-144
-126
-110
-110
100
-110
122
-74
-118
98
98
-100
-110
-120
-74
126
-152
128
-136
134
166
-166
154
-154
190
-154
160
-136
-132
122
148
130
124
-146
124
-124
122
-142
-142
-150
-154
152
122
-122
182
148
-130
122
140
150
-146
144
-122
124
118
118
-144
-158
100
-100
106
-86
-86
94
94
98
102
-112
-86
-86
112
102
-120
106
-150
-102
-108
-138
-152
134
154
152
-134
-124
-118
-58
58
94
-130
-90
58
90
-90
-90
-134
-102
102
-80
104
-140
108
-102
104
124
132
142
134
142
-110
-110
-108
128
100
-110
114
114
132
108
126
-100
-110
-172
-134
-158
132
116
116
112
-122
-100
-100
122
-120
126
-100
-146
114
152
-176
-170
126
-144
-118
144
-120
154
-104
104
-100
108
-100
80
-118
-80
-80
-114
-106
-114
-104
-124
-98
98
142
-112
104
-98
-114
124
-134
-122
126
104
-172
170
160
-160
174
146
-150
128
114
-112
-98
-98
84
-100
-120
98
-112
-100
-124
-84
158
-116
-94
94
-158
164
164
94
-128
94
94
116
-114
-114
-110
-116
-96
-116
-138
140
140
130
160
-160
106
134
94
94
-134
-178
-156
94
-124
148
-148
-154
-124
-136
-108
142
-116
84
122
84
84
88
-88
-100
-108
-132
126
-84
-96
108
124
-158
-112
118
-150
-158
-162
-150
156
150
156
-134
-156
-124
-120
-152
152
-142
-134
142
-116
120
138
138
146
116
-146
108
116
-108
-108
154
-132
-140
134
152
-126
124
124
-170
120
106
120
106
106
-132
-126
92
-92
120
120
118
92
110
-118
-114
106
-122
106
-122
142
-124
128
128
-138
-136
92
-128
140
-140
-134
120
-122
-92
116
-102
124
120
134
112
106
-120
102
110
-120
-128
-96
96
128
112
-96
90
-118
102
-110
96
102
132
-90
-118
144
134
106
-136
136
126
126
170
-178
-164
126
150
-152
-152
154
-112
-120
110
-90
-90
120
112
-116
90
-110
120
-160
116
-110
-116
-116
158
170
-156
-122
154
148
134
122
134
158
-134
140
-122
84
134
-124
-90
134
-90
-90
-84
-104
86
-86
94
138
140
124
-136
-166
132
132
136
158
-144
126
-126
132
118
68
90
-86
-128
-86
114
98
-68
-90
86
120
-112
84
98
-114
84
-132
136
-80
126
-118
-76
-100
-90
96
80
-90
80
76
122
138
152
-108
-142
-148
-150
108
114
-92
112
124
-114
126
-130
-130
92
108
-152
-120
140
-146
-94
-104
86
-86
84
-108
58
-60
104
98
56
-20
-72
-56
88
-76
66
-56
68
20
42
-78
-76
-20
62
94
-62
-64
-42
104
122
138
108
76
-122
122
132
112
112
140
-130
94
88
132
-88
-112
-82
108
-94
110
94
-126
88
82
98
-98
152
128
-118
94
154
-156
132
142
114
122
142
-142
-150
-144
-136
114
122
136
142
116
-146
-116
116
152
132
-132
138
138
176
-164
164
-138
-164
-162
-156
-146
-140
122
122
126
-118
108
-90
-108
-84
84
-130
-128
116
84
-106
-102
102
106
134
-132
132
154
124
-124
124
124
130
134
134
-168
-124
-156
166
-180
-160
-130
128
134
-94
-94
102
110
-60
44
-82
-52
52
-100
60
-56
-36
24
-52
24
-24
-32
92
-92
-94
32
106
-112
-132
108
124
150
-110
-144
-156
-146
-170
144
134
-110
-142
94
114
94
92
-128
92
-92
124
124
132
-104
-132
168
-148
-120
120
146
-156
-134
-118
108
100
-62
48
74
-32
-74
76
48
-50
64
40
-40
-76
64
88
74
-92
32
52
-78
-78
-50
32
-72
78
-90
50
72
-86
120
134
-124
-86
-142
126
-142
146
-128
-144
40
128
-78
-78
126
142
-114
40
-122
86
86
128
120
-102
78
102
102
-114
-114
120
116
-144
-94
-134
-118
-118
-140
-140
-162
94
110
138
146
144
110
-142
-156
152
138
-92
-124
-112
122
-98
122
92
-120
-124
102
-100
-78
98
-82
82
78
-68
60
60
-66
-52
-34
