134
-160
134
134
158
-154
154
130
166
-130
130
134
154
122
-100
134
-126
-126
-136
136
-122
100
-150
-166
-158
-130
-134
-128
-120
-134
118
106
-122
-106
-106
118
-116
116
166
136
132
154
-120
-136
-136
-118
-120
70
-118
-70
70
-112
112
-144
140
-148
-132
132
144
154
166
152
168
156
166
-176
-162
174
-162
-152
-152
-174
180
-162
152
-152
-166
-134
126
-134
112
-130
148
-148
110
126
-126
112
-120
-114
-104
-110
-114
-124
-148
-134
-122
-104
-122
122
164
-144
-134
-154
-138
-138
-146
-126
-138
80
-116
120
-120
-126
92
-126
80
-106
-136
138
-136
92
-130
130
144
-172
-156
130
-128
-128
-144
134
134
128
142
174
168
158
122
134
-122
122
-130
-130
-132
140
114
138
122
-122
152
124
114
104
104
-108
146
-124
104
-146
150
130
-108
-152
-196
174
-150
164
122
-122
-154
128
98
-122
-116
-116
146
138
118
110
98
76
-136
76
100
104
-110
110
120
-104
84
76
104
150
142
-144
-114
-132
184
206
170
-208
182
180
-170
176
-132
-164
-144
144
176
146
160
132
146
134
-134
162
-152
130
130
148
-140
-140
-112
-112
120
-128
124
110
-116
-140
-132
-112
-138
-110
-116
-116
142
-98
-98
136
-144
118
98
-150
130
130
118
140
-170
144
-122
152
170
162
168
-132
-136
122
132
-154
140
134
138
-134
-132
-118
102
130
-140
-132
-118
-144
136
-102
130
-136
156
-124
-160
-172
-160
160
-92
152
92
92
150
-154
132
136
130
-138
-136
-120
-140
106
106
-122
122
140
106
-122
-160
170
-146
-122
-152
-164
-158
146
-150
138
144
-132
156
130
130
-132
-142
106
-130
-112
-112
-94
86
66
-60
-106
90
90
-88
84
-66
-60
84
122
-104
-108
116
-140
138
-154
128
128
132
-152
-132
128
-128
146
146
-180
-128
166
-156
-182
168
158
-168
168
162
-186
182
174
-172
-172
122
122
-102
-128
-102
-102
128
-140
-140
166
-136
120
-108
-134
-72
152
88
-88
112
118
146
72
100
158
-144
-138
100
-138
-112
-130
-138
170
-142
-144
128
128
-130
-138
-124
-98
-148
-98
98
-124
-148
140
118
158
144
-128
-108
-130
-120
-134
-108
108
-130
108
142
-108
132
-142
130
-172
162
-132
-118
-122
-92
-156
130
128
140
-128
122
-92
-142
152
168
-132
146
-124
-146
-176
-136
-112
142
120
-120
-136
142
144
-112
142
-154
150
-148
156
-156
146
144
-130
130
-140
138
-138
130
-138
152
-130
136
-138
-136
-136
122
-122
128
-128
140
-118
128
118
-118
146
152
-180
128
142
142
-136
140
-148
130
156
130
-130
136
140
-156
196
-198
-164
164
-196
176
-136
-136
156
-116
-112
-100
-112
-110
88
-120
88
-64
94
82
-82
-108
-64
106
-80
64
92
116
-112
-102
96
110
-116
92
-110
140
-148
138
-162
146
-116
-124
116
114
-74
96
-110
110
-138
-106
-118
-74
-116
-146
96
96
100
-136
-154
-152
-100
136
108
-104
130
76
-126
92
-92
116
-120
-120
-76
-116
116
-120
-104
-132
150
-126
94
-78
94
78
-108
86
-86
-114
-98
94
78
-108
-124
100
-94
-78
-122
120
126
162
-100
-128
-116
118
-128
-142
-140
-118
138
164
-148
124
140
-146
-146
150
-156
150
-122
122
-156
152
150
122
-122
168
144
-138
-144
112
108
-114
-108
-108
-112
-140
138
-146
114
116
130
-142
142
136
-158
158
146
-156
172
172
168
-160
-158
-146
164
126
-126
86
134
-120
-120
160
128
128
-86
-134
-154
-144
140
-128
-128
-148
-140
-162
156
154
-138
124
-124
-96
142
96
-96
-152
-138
156
-144
-152
-124
142
-146
-146
160
-158
-172
170
-162
158
148
-116
-132
-128
-54
86
-108
76
-76
-108
-54
90
-76
-106
-112
-54
116
-90
132
100
112
154
160
166
-196
196
200
194
-156
-156
184
-182
162
156
-202
170
-152
-152
172
152
-132
90
146
132
-134
-112
132
-110
-90
-140
-164
-136
110
140
164
-174
-160
126
-126
126
126
138
-128
-146
126
126
138
162
-166
-168
144
168
-164
-152
152
166
130
-168
-112
-112
158
140
-156
-112
126
-126
-126
146
-126
136
130
142
130
130
136
136
-140
160
190
-154
-168
-160
160
-168
144
124
144
124
-124
-166
178
156
136
-114
134
146
-146
-124
124
-156
-114
134
-124
142
-132
148
134
114
-144
144
-124
132
130
-130
144
104
-130
112
112
96
130
-96
-96
136
-128
112
-120
148
146
150
146
132
152
-128
128
-168
156
-160
-128
-156
172
172
-174
152
-162
162
-168
-152
160
-152
152
-174
-160
172
158
170
-182
158
-164
-188
206
176
-164
-172
156
156
182
174
144
-138
-138
-144
-178
168
138
168
-168
-176
178
138
-150
-138
118
118
-128
156
118
118
-176
-158
-148
-118
-124
-112
-124
140
124
150
138
140
112
114
-140
-140
156
114
-158
152
150
-154
116
-110
74
-98
-116
-126
110
-136
130
74
98
98
-98
-154
106
136
-146
144
-166
118
132
-148
132
-106
144
106
106
-146
168
172
116
116
-142
-146
136
-134
142
114
116
-144
-130
-130
-148
-160
-156
-124
-134
-158
158
-158
-170
-166
-124
-152
-140
-174
-134
-152
-124
-142
106
106
-124
-104
116
-72
104
122
114
112
114
-116
120
-122
-72
72
140
-172
168
146
-140
-126
140
-142
124
158
124
-124
-126
-158
-166
-166
156
166
136
156
-116
116
-174
136
-140
-116
136
138
128
194
-156
152
162
-164
164
166
166
200
198
-180
162
162
164
174
168
-128
100
-100
-138
140
128
100
138
-138
144
138
140
140
176
128
-132
-128
128
142
132
-152
144
-146
180
156
160
148
-148
-170
162
160
-64
-158
-130
-130
130
-130
130
-64
-130
-130
-162
-136
154
158
-144
-164
148
-106
-136
148
-148
-144
140
142
98
-98
140
136
142
98
136
140
-146
-144
176
156
158
-178
-172
-172
-124
-136
-144
-138
-138
-76
148
88
88
112
-148
-150
76
-112
156
-126
126
-132
-150
140
-146
100
130
100
100
-160
-150
-130
126
-156
156
-156
-152
-178
146
-134
-146
142
-142
182
-148
152
172
-196
148
148
130
164
162
128
-178
172
160
-130
-160
-166
-128
-160
-136
-136
136
136
-140
76
108
102
-114
-102
118
-104
76
108
96
96
-102
-128
-122
78
-116
134
-150
110
128
154
-144
-128
-128
-152
144
-144
-128
160
160
164
-198
204
168
158
-158
156
-156
-142
150
150
-166
172
126
-150
-126
126
-148
148
176
176
-142
130
144
144
-132
-132
-144
-116
-130
116
-116
-168
-140
144
-142
-138
112
-146
136
114
132
114
114
-112
120
116
-152
124
-116
-122
-132
88
138
112
-112
150
138
128
-88
-126
150
150
128
126
-132
-122
-146
-122
122
154
114
-132
114
-114
-144
134
138
146
-186
142
-112
160
-128
-120
114
-120
-88
88
-152
134
-134
88
140
-142
-144
-140
-132
-150
140
-142
164
144
-152
132
176
160
152
-160
134
-134
-164
170
-164
-134
-142
134
-128
-136
-120
120
-124
134
102
102
134
112
112
-102
150
-134
-156
178
-178
-182
-138
-134
134
-144
138
-122
-134
124
-124
-160
-176
138
-122
144
-176
138
126
-106
-114
126
126
-140
146
-120
-106
-114
-120
120
-154
182
-114
122
-140
146
144
-164
-144
-114
-120
144
-142
138
120
-138
138
140
154
106
-118
-118
-126
-114
114
76
-66
-76
-76
78
-86
-128
-82
66
82
80
98
98
100
110
116
-114
-156
134
146
-166
174
158
140
-128
-170
-148
-138
-140
142
-100
118
100
-100
-132
150
152
106
-112
-112
-162
-110
-98
106
-106
146
180
114
-106
-98
-114
130
160
138
156
182
168
-152
-156
-156
-140
150
138
-156
160
-172
-114
-74
114
-82
-82
-108
80
92
-26
64
72
44
60
58
60
58
68
28
46
-60
-58
60
-58
-60
44
28
88
-94
-72
26
86
82
-82
-116
-86
-100
92
116
116
102
-138
-128
88
138
-88
88
-102
136
150
158
130
164
172
180
-202
-184
-152
-164
-134
114
118
-130
78
-116
-78
78
112
112
-142
80
-132
-166
-158
144
164
-162
126
126
146
-150
-146
126
-150
168
156
148
172
-152
-150
-164
120
86
140
-128
106
-132
-70
-114
-70
-70
-118
106
132
-142
-154
146
-108
-156
108
-90
-90
-156
156
138
90
-172
-128
122
-122
-124
-86
-76
-52
52
-74
34
-108
102
-112
112
-132
124
-130
136
-118
124
114
-82
-68
110
-106
106
134
128
-82
68
112
-112
-128
-118
-114
96
96
138
126
-98
96
126
-118
112
98
134
134
90
90
-136
-152
136
90
-118
128
136
144
-118
168
-158
160
-152
-144
134
-136
118
-118
136
130
-130
118
158
-190
158
150
-166
-180
168
168
-146
-180
146
-132
186
152
152
158
198
-172
-132
-154
-172
172
160
154
150
-148
148
170
-140
-150
-140
-140
172
158
-170
86
136
142
-142
154
-126
116
86
112
-144
128
-158
-112
-116
114
150
138
144
-124
-122
-86
94
-114
96
-106
100
120
-86
-94
-118
-112
122
-104
-104
-152
126
136
-96
128
-124
124
156
126
136
-120
-148
-186
130
-130
-172
-172
156
122
112
-146
-124
-130
144
136
-112
112
112
90
90
-120
120
160
90
148
-134
-134
130
130
144
130
118
118
-118
118
-166
-150
146
-144
-144
-132
-76
-128
-68
68
-70
-94
-46
24
-24
64
-88
24
72
-76
-76
64
-88
114
76
60
108
128
-136
86
100
-94
108
-130
-112
-118
24
118
106
-108
152
-178
138
-116
154
152
166
-168
-152
180
154
-154
-152
-186
194
-152
180
-188
182
-154
-140
-178
-140
-140
154
-202
-206
-170
172
-164
164
-166
-146
126
-146
142
142
-174
142
-124
-106
106
64
96
92
-92
-96
108
-108
-92
-106
-62
62
92
-98
90
62
92
-106
-98
-134
146
-90
-132
130
-130
-136
136
162
118
-132
-172
-176
174
132
-176
-148
152
162
178
162
-156
156
-148
-184
-156
156
158
158
136
-176
134
136
-138
138
-170
-154
-140
-134
-150
-128
-128
-138
114
114
122
110
-132
110
-110
132
136
124
-150
130
-146
-100
102
60
56
-90
112
-108
-86
106
60
-82
-78
-56
56
-62
68
-68
-84
94
-70
70
62
-126
132
110
-124
158
150
150
-154
166
-156
-156
136
124
130
-130
130
92
148
136
124
-130
-150
118
92
134
126
-122
148
-134
-118
132
-138
-126
-126
-114
114
122
-162
152
114
156
144
144
-140
148
124
130
62
-106
-88
-88
-116
102
-102
62
130
140
120
116
-130
-132
-150
-144
154
-120
144
-150
132
158
-152
164
148
-164
130
-158
-162
-116
160
136
120
-80
148
-120
-116
120
-146
112
80
154
84
114
-106
-106
-124
88
124
84
-88
132
-160
-166
130
132
-164
174
-138
126
130
-154
140
-118
176
-118
-108
130
-158
158
154
130
-122
-96
122
108
-108
174
146
-152
96
-146
158
-156
128
128
-170
152
-92
94
-92
-92
-128
-150
88
118
-88
-88
-124
102
102
156
132
-142
-136
-142
142
142
138
-152
-142
110
-148
138
138
-140
162
-146
110
-146
-108
-146
132
132
-154
-116
132
102
128
-150
154
154
-170
114
102
114
-114
-158
-144
-142
-150
-142
-120
146
114
-114
174
184
-164
114
164
160
142
138
-152
-138
-134
142
-134
134
164
166
146
-164
-136
136
-130
148
-122
-136
170
-168
108
-76
136
108
-120
-140
118
-96
-76
96
86
-86
136
156
138
-86
-136
136
-146
148
-138
146
128
-166
162
-174
-140
138
140
-140
158
156
150
150
154
-164
-154
150
150
180
-184
158
-126
-140
-126
110
-110
158
-144
140
-110
144
-146
164
160
144
142
-158
-142
142
-158
152
160
-162
172
158
-166
126
138
136
136
-146
-130
-144
116
116
-142
132
142
116
132
-116
-128
-174
156
-164
-160
142
142
-150
-150
-166
-82
104
-108
-122
130
-120
132
82
104
-108
-138
160
-134
-168
116
74
-140
126
-126
-118
-82
-78
56
80
100
110
-100
-116
86
-56
-80
-116
116
78
102
-88
102
116
120
124
154
150
-152
-136
124
120
-148
-108
108
126
140
100
-112
100
86
88
78
-64
-84
-84
92
104
-104
78
64
-102
-132
-126
-156
116
114
-140
130
-150
-92
152
-92
92
140
122
140
-154
154
-130
-112
-130
-112
112
144
-144
-152
116
-142
110
-110
116
-106
-102
92
-106
-122
122
-142
102
78
-62
-76
-96
-88
-88
-134
-78
62
-76
102
-108
-158
128
-112
-154
136
-136
-176
-166
144
-144
-118
-70
-100
90
96
-108
-102
100
88
-100
90
-92
124
124
120
70
-112
132
170
-136
112
120
-136
142
-118
-164
-118
-108
122
-138
146
142
130
118
108
144
144
144
136
140
-154
-158
-158
126
-130
-92
-86
88
82
62
40
-66
-88
-88
-62
80
62
40
-66
98
78
-64
-102
108
118
108
116
138
130
-120
-124
-144
114
-114
104
112
-78
76
108
-108
-92
-134
94
-78
-76
94
-110
-92
-102
158
128
102
108
-118
118
154
-160
-148
-102
128
128
128
-132
-132
106
-98
-108
-130
72
-96
-98
98
98
-126
-112
72
124
-156
-122
-112
-128
128
-118
-112
134
-112
112
-130
-120
134
100
-100
-98
-106
88
-88
106
70
-88
88
-126
-112
-126
-88
-70
88
88
-118
-118
102
94
104
120
-116
-116
124
-102
96
-104
124
-120
132
122
-122
144
-130
-134
120
-146
-180
-176
-144
-140
156
-154
-190
-154
-154
-186
186
-166
156
134
134
152
-154
114
88
-134
-92
-120
130
-110
-90
88
-112
-92
-106
-116
110
-90
-150
132
-138
176
-152
118
136
118
118
-110
118
-120
124
122
140
-140
110
-118
-128
-138
-158
-152
-166
-178
-170
-154
138
150
138
126
154
-152
-152
-158
-90
-118
-104
-138
104
94
78
78
-64
-104
-54
54
-88
-108
-108
54
-92
90
96
86
120
-128
92
86
-138
-164
128
-172
170
168
130
136
-110
112
-98
-58
-72
-58
58
-66
84
-100
-80
66
124
122
-100
-112
124
134
146
140
-122
162
162
152
126
-140
126
-118
138
118
-118
146
-122
-122
146
-168
-146
-114
-156
-152
-156
-134
-152
134
114
-154
168
-166
-156
156
-194
-138
-150
-138
144
-100
-150
-112
112
-122
138
106
-80
-120
120
-142
106
128
-130
-80
134
138
138
146
-130
-146
-120
-120
-124
136
-114
-102
-84
-84
-136
130
102
84
-136
136
142
-144
-142
-134
136
100
-128
-134
126
142
-136
-144
100
-100
108
80
124
80
-102
-104
130
116
90
72
90
-22
-72
-44
-44
76
54
88
22
54
-94
94
-88
-88
-92
-66
102
-100
-144
-136
68
108
154
-152
-128
112
-102
140
152
-154
-114
-112
-110
102
148
156
150
114
-112
154
126
90
-132
-90
-90
-120
120
130
-104
-134
140
112
-146
-144
-150
-190
172
128
146
-148
-154
124
124
110
110
-124
118
118
132
154
86
110
86
-86
-124
-148
-158
104
-124
-158
166
188
-170
-164
164
-152
156
144
144
174
-142
132
146
-144
144
-144
-86
-110
86
-86
-130
176
-134
-86
-110
-132
-136
134
-120
-106
138
116
98
-106
116
-112
-92
92
116
-98
112
-92
122
114
120
-124
118
-106
-98
-106
-146
138
-158
-106
136
-156
158
-180
170
-172
146
-168
-168
166
140
142
138
-138
-140
144
-144
138
172
-148
-140
-140
-170
-150
-148
-150
148
148
158
150
156
-138
110
152
108
108
128
136
128
-108
-136
126
-126
-130
-112
-76
76
-132
-132
-104
68
68
92
104
80
68
78
-118
-88
-80
78
88
104
126
122
-136
-160
126
126
144
118
-134
58
58
152
136
-98
58
98
-98
-112
-102
118
112
-108
-144
-112
-160
-176
-138
138
158
158
-170
-138
-160
-152
-152
-180
162
164
-144
164
-144
158
-162
-162
132
160
-134
-108
140
108
-102
118
-110
-110
-114
-86
92
32
68
98
70
86
36
-92
32
36
-80
70
100
-54
104
58
124
-112
112
122
-126
114
-106
-108
118
-126
-114
70
-90
-106
90
90
110
-124
76
-132
-108
-90
-124
-136
-138
-70
100
114
-136
-136
136
-114
128
148
148
-154
-170
170
168
160
168
144
-144
194
-188
150
-114
-126
-122
-138
-110
-122
104
-114
104
-104
-142
110
-118
130
144
140
112
-118
-104
104
-130
-128
70
-104
70
70
-98
-86
-90
70
98
-94
-110
-134
-86
120
-148
108
100
-110
-142
-110
90
-148
-148
130
-118
154
-174
182
-146
-162
176
176
-182
182
182
148
176
-176
-168
162
150
164
148
-158
-166
128
150
128
-128
162
-148
150
-144
142
-142
118
90
66
-34
116
-104
-102
106
90
64
-34
96
-98
-102
88
102
64
80
98
94
-142
-100
-96
70
-132
-152
-148
-108
-120
54
28
-54
-80
-82
78
56
-60
