130
-148
118
108
118
-108
72
72
92
-58
72
64
54
76
-66
62
-20
-82
-40
40
-62
88
-66
-20
-66
-90
-90
-106
-66
-74
64
100
-88
-66
-84
74
-76
86
56
56
60
80
-60
-56
-86
-92
-92
98
-86
-108
140
-162
160
-108
126
-156
-126
126
146
170
136
132
126
146
116
-116
-128
120
-142
-106
-106
-146
120
-142
106
-144
-144
-166
170
-170
140
-140
154
-158
144
138
-138
138
-88
-118
-126
-128
-120
-116
-80
-80
-150
-134
-116
80
156
-144
-150
-162
-166
-174
-150
-160
-134
168
-120
120
-128
-82
86
-114
126
-134
-96
80
-52
70
-100
54
110
-90
-110
90
-94
-70
-80
70
86
52
22
-10
66
48
-10
-10
10
34
-62
-32
-56
40
64
48
58
-80
64
96
84
76
62
-108
134
-94
112
-132
118
114
-96
-132
-108
128
-130
174
122
-100
-128
142
106
-78
-92
-98
98
116
134
106
78
92
-90
90
94
124
-96
96
94
-124
110
96
120
120
132
-148
-120
-136
150
136
160
-152
152
188
-176
132
-152
-132
-132
160
156
160
156
156
178
188
-188
160
-160
184
162
158
-150
-150
-154
-152
152
-150
164
124
-148
-166
-156
-130
-132
-134
-122
-120
122
-120
-120
132
-170
164
144
-142
142
154
122
122
-126
132
-126
118
162
118
86
-116
-134
106
124
-100
96
86
100
-142
-142
-146
142
96
-146
-146
-152
-136
146
-166
158
-152
156
-164
-134
-134
-144
166
-116
82
140
116
116
-114
114
92
82
-106
-96
-96
-122
136
92
-82
114
114
132
-152
-144
150
-154
-106
-106
-114
-138
134
-102
112
120
-102
92
92
120
-102
-92
82
-92
-92
-116
-102
112
98
-82
-98
90
56
-90
74
-74
-102
-50
80
50
50
64
-64
84
-114
104
60
56
-68
-72
72
-70
64
70
-50
-68
82
-56
-56
68
82
-68
56
90
-82
70
86
-100
-50
96
104
-134
-128
-112
-130
86
-136
-152
172
-128
128
-162
-142
-140
128
162
-174
146
140
160
176
160
122
-122
-174
154
-140
-110
-138
-102
88
-88
-108
106
90
-76
-106
-96
-120
-84
-106
92
-76
-110
128
120
84
110
-134
-116
-144
-98
-134
-118
116
-96
114
144
-98
114
-156
132
-94
126
-104
-104
-118
-124
-92
88
92
30
-86
116
-112
-112
66
102
-48
-30
34
-72
-44
30
-70
74
76
-54
34
84
110
-120
48
-82
82
-102
98
-98
82
44
-90
72
-66
42
-44
44
-42
46
-50
42
-88
-42
-26
48
28
6
6
48
-62
24
6
-74
76
58
24
64
54
52
-72
92
-102
66
84
120
-88
92
126
-110
138
-124
-78
88
-104
124
-134
-152
150
-78
-122
-142
-142
-156
122
-122
138
-124
100
94
-100
-98
-98
116
-112
118
94
118
-130
-130
108
112
-114
116
-126
102
-126
152
-152
152
-154
-132
116
90
-114
122
-122
116
-132
-128
-90
-136
-148
-158
144
148
120
-128
-104
-130
-80
80
128
-84
112
80
-84
112
-110
108
-84
-112
-126
-146
108
-138
-124
-102
120
-98
98
-144
126
112
-98
120
-128
-126
-136
142
112
-116
-118
112
-138
-112
-112
110
106
114
-106
-106
-110
118
-126
-162
-148
-148
112
114
-112
90
96
-120
-120
122
-106
114
-90
62
-124
108
108
120
-94
116
62
-72
-118
122
132
-128
-86
-110
-106
-88
100
-116
72
86
104
-86
88
108
-108
112
120
-86
90
112
106
-92
-86
-96
114
106
-88
96
108
-108
-136
146
136
88
-130
-118
-118
-136
142
-110
-94
-118
-112
-112
124
120
-98
100
-98
-122
114
98
-110
-114
-94
98
-110
-118
-130
136
-148
-94
112
-122
-154
116
-112
104
106
-104
-104
-112
-124
126
-116
106
-114
-134
-102
114
-120
-120
-136
-146
172
-102
160
156
124
124
108
128
-126
84
102
80
-80
-88
82
-72
30
82
-2
2
-70
-80
44
2
-70
94
94
44
-98
-78
32
-124
-106
-100
-60
-90
60
60
94
-102
-94
62
-82
76
92
128
-76
-64
64
80
70
78
-64
-116
92
128
-70
-86
130
130
132
-130
-130
-96
104
116
-86
-104
90
-90
-94
86
-102
44
90
96
94
102
84
118
-44
76
112
-112
-112
-76
106
-72
92
118
138
106
-118
-132
146
146
138
-96
84
-64
64
-120
96
64
-86
84
-92
92
64
106
118
122
-128
114
-138
134
80
-102
92
102
-102
84
84
56
76
48
48
50
-70
66
48
50
94
72
76
66
118
-124
72
-68
122
-114
80
-68
90
90
-102
84
-114
-80
-76
-120
116
-84
102
-148
-126
148
84
130
-106
106
-150
-68
82
68
-46
-108
82
86
102
98
92
-46
-98
-66
-66
92
98
130
-110
-128
130
114
-134
-80
130
104
-132
124
124
132
-92
-110
-110
-130
-110
-90
-148
114
80
102
88
64
-30
74
30
30
64
74
-82
50
120
-106
136
-122
132
-92
-118
-90
90
-126
118
82
82
106
-136
-136
56
56
-98
72
-72
56
88
-78
116
-84
78
132
154
-172
108
108
128
120
-116
-108
130
-140
152
164
118
-116
-134
-98
-118
-126
-104
-112
-102
66
-66
-80
66
-102
-74
66
-102
-96
-106
-104
-120
-112
106
88
-88
-106
92
-92
88
114
114
106
118
-158
110
-134
-164
132
132
-152
140
106
-106
-120
134
-124
106
126
126
-96
-102
-114
-122
-118
98
114
96
96
-100
106
-118
96
-120
-104
92
70
68
74
-102
66
60
-42
68
64
8
72
68
-60
26
62
26
8
82
-66
66
-58
-70
66
56
80
70
-78
60
106
122
104
80
102
-110
-110
110
116
134
-138
68
-110
118
116
104
100
-72
-46
86
74
-56
-58
-76
-58
-6
-58
26
-26
-54
18
-78
-6
-18
78
-110
-78
74
-98
-48
88
-112
-104
64
88
114
-110
68
68
110
-60
76
80
42
-74
68
86
84
-60
-80
-42
-66
-60
-76
-78
-92
60
96
124
120
76
-116
-114
98
-110
128
-136
96
-110
-74
116
-120
118
124
124
134
-74
-144
-166
152
-158
150
-158
-126
-144
158
-140
-120
96
-128
96
-130
100
118
-70
74
70
58
78
74
76
-84
94
86
-58
-82
-58
-58
-98
-78
-106
106
86
-118
86
86
118
-128
-128
126
-134
128
94
132
128
-126
-110
-110
110
-134
140
-110
110
126
120
-130
-114
-150
-126
146
-174
-154
138
114
122
-122
130
108
132
-112
112
-132
-150
112
108
-140
134
134
-112
-156
164
-162
150
144
166
-174
152
152
140
-186
-140
-106
-106
-154
152
-120
-106
-146
132
-118
-120
124
-112
112
52
94
66
66
-72
56
70
-52
66
-94
-92
-70
80
102
96
-56
108
102
122
-74
-108
152
168
124
124
-128
-136
-128
-118
148
90
118
-122
122
-154
-90
128
80
90
-118
118
-134
114
-130
-80
102
-106
-106
132
-90
100
-126
124
128
-98
-98
-148
-140
-110
98
-132
140
144
-110
132
124
124
138
-154
166
-150
-128
128
-138
-146
-128
76
-130
-70
-70
98
-106
82
70
70
102
102
82
-70
110
-104
-104
128
-114
-134
-94
-110
90
-76
100
-112
-88
90
-58
-100
-90
76
-104
64
-100
58
64
-90
-110
96
68
-90
126
-104
-88
-90
-116
116
-124
110
-110
-52
-100
-52
-52
-92
-92
-112
-90
106
-62
86
118
-124
108
82
78
78
-94
-88
-82
-88
76
76
-82
-82
-78
76
-112
-98
-120
158
138
112
124
114
114
106
130
-110
-114
110
110
-122
94
94
98
-98
-108
-94
-138
-104
104
-106
134
142
-148
-122
148
108
182
-166
-162
-156
-172
-150
150
-148
124
90
142
-88
-88
-120
92
106
88
92
128
136
-116
-130
-136
-116
118
102
-116
126
-126
-148
-138
100
-100
-90
-94
90
90
-94
146
132
90
110
122
110
124
146
146
152
-148
-138
112
-112
-134
96
102
112
-136
-142
124
78
96
-102
-116
-100
-102
100
72
102
72
-72
-128
114
134
-136
156
-146
186
134
134
158
110
130
90
-90
-88
-134
-120
-90
124
146
-110
88
-124
-120
120
162
148
-110
128
-128
-136
-92
92
66
-40
96
74
74
-70
-72
-28
28
88
68
68
-28
-108
-100
-78
90
122
108
-132
160
-90
-46
-138
-112
-112
-90
130
142
-90
-134
114
-172
-114
114
-134
-142
-142
132
134
112
-134
-136
136
-140
-46
-104
-108
-104
110
-108
46
-94
44
-68
68
-68
46
-78
60
-36
36
54
-74
-82
40
-82
80
106
106
-76
60
36
-100
-96
-92
-86
88
60
60
76
-78
78
118
-98
132
126
154
134
156
146
-142
-152
142
106
-118
138
118
118
-118
104
-38
36
-36
32
40
-44
34
-62
76
72
-90
38
-32
-40
32
52
-38
-46
48
48
-36
-44
-60
46
44
32
92
104
84
-84
-78
-118
-96
132
78
112
126
-126
108
78
-148
-106
-106
-108
116
116
-106
142
142
130
-156
170
-178
182
154
136
-176
152
-152
-148
-162
152
136
170
122
-146
-128
-128
160
-144
130
-122
150
142
-152
-134
-110
-124
106
-106
-98
-104
110
106
-106
104
-106
90
56
106
114
-124
-140
-110
90
-56
-118
-144
144
114
110
-132
-156
-180
178
168
-156
158
160
160
162
-168
148
144
136
134
-110
-110
128
134
116
110
116
114
-114
128
-142
-148
122
-154
-130
-124
-184
-164
-160
178
-174
-168
-162
180
-164
142
-176
142
142
-160
-142
142
-152
138
96
118
96
64
-118
118
118
-110
118
-112
-64
-120
124
102
74
-70
88
-84
88
-54
88
70
62
-70
-68
68
16
-16
-52
-52
-2
-14
2
-44
20
-32
-14
-40
-50
4
-2
-76
-96
-78
46
-108
104
-104
-108
108
-150
96
114
-128
146
-134
-100
138
94
94
136
-118
-96
94
-116
-126
-126
-96
116
134
-96
150
130
110
-108
-116
-124
142
-72
-122
130
-132
-96
120
74
38
-102
-82
-80
74
40
-66
4
40
4
4
74
-66
-28
-38
-70
-78
78
-28
102
92
-60
90
98
-124
98
-70
-120
-122
-112
-148
-102
-98
-120
134
102
146
110
-102
122
-142
88
88
94
-78
114
-78
-78
100
118
124
-122
84
-112
-120
116
104
-124
-78
-82
122
-94
106
-48
-94
48
-48
114
80
-76
76
96
-98
86
76
96
-116
116
-98
-118
92
124
136
-136
108
136
106
106
38
-88
-94
44
92
104
104
-82
46
-72
-62
44
-88
-92
-50
-38
92
104
-100
38
54
120
66
100
-54
84
102
100
84
-90
-112
-114
-108
84
-108
108
116
114
128
118
-116
-134
-114
-166
158
-114
118
-178
164
150
-150
172
188
-110
150
-150
-156
-154
154
140
90
-156
118
-118
-142
144
-140
90
160
126
156
160
-150
-176
-148
164
170
188
-184
150
-176
-204
144
168
-142
142
-158
154
156
-142
154
-158
166
-178
-190
156
-170
150
150
152
-146
-128
146
128
-108
134
134
-142
136
-148
130
-108
128
146
-146
124
-112
78
-118
-124
-124
-74
84
112
-78
-94
-112
126
74
84
110
-126
-120
-94
126
124
134
-102
-102
120
-120
134
102
-132
120
-94
128
-102
-102
-136
126
96
-76
-108
82
82
60
-62
60
22
-48
48
48
56
-48
-56
-22
-52
-62
-78
-62
76
66
-52
34
68
-96
96
34
94
88
116
-66
-110
-112
112
-122
128
150
134
158
-170
-172
176
-158
164
-160
-146
112
-84
84
-44
90
108
-84
-108
98
-80
-44
76
86
-74
82
84
78
-80
-106
94
-74
116
-86
76
80
-92
144
-112
-120
86
108
-130
96
96
112
50
100
-98
-96
108
98
100
-50
120
-98
-98
-98
130
-120
80
-104
106
-90
88
-108
88
88
90
128
-112
-112
100
-112
136
108
-128
60
112
-114
126
132
122
112
-60
-110
-142
106
102
-88
92
74
94
102
-68
-70
-26
26
-42
-60
26
56
-116
-84
-90
-26
100
-104
-102
90
-106
114
74
84
-110
-130
112
-154
-138
120
150
-126
136
-152
-152
-130
-120
116
124
116
116
-124
-130
150
-162
-124
-160
172
160
160
-160
146
134
134
134
148
132
-100
-130
104
104
-76
-96
72
34
86
74
-72
90
76
88
34
-96
-80
-72
72
122
-152
114
94
-124
-142
-116
-110
110
120
-162
86
-110
-86
86
-148
136
128
128
126
-108
126
-126
-130
-128
-138
128
108
-128
-126
94
-82
94
-36
36
-82
-98
36
-60
-60
96
-82
30
56
-70
-94
-112
-56
-70
-30
-74
70
-76
116
-74
-78
122
-124
-142
70
-70
-134
-104
110
-70
-104
-104
-112
122
114
-114
-70
136
148
-160
134
-148
138
122
150
138
-138
132
144
-136
118
122
-124
116
-132
-98
-120
-116
116
-140
104
132
98
104
122
122
138
128
128
134
-118
-134
-116
116
-178
-174
-130
98
98
106
118
-100
-98
-108
-110
110
100
108
-138
130
134
-160
-128
98
124
80
112
98
98
-64
-94
-64
-10
-92
-10
-10
-98
66
66
-38
-104
-78
46
-92
-116
138
-78
-92
-126
86
110
122
98
-98
72
94
-78
-92
-82
78
78
72
-86
-102
88
-134
-98
-86
74
-44
-74
44
44
-80
-80
112
102
-98
-82
-128
-96
130
-124
-116
114
-108
78
-78
-84
84
112
-78
-142
-128
142
-92
144
114
-114
122
-104
-144
-104
-104
-150
136
142
-156
-156
176
172
170
150
-172
-158
160
-168
128
-120
130
-130
136
134
-134
128
-120
-140
162
-136
-142
-188
-146
-162
130
-130
-134
-134
-162
-130
148
-170
158
154
144
162
-168
174
140
-148
-118
-118
136
-136
-94
98
-94
-94
-162
-144
98
-184
-166
156
-168
146
-86
86
86
96
88
-46
66
-66
18
18
96
14
46
-18
-52
-82
-98
44
-14
-62
-26
-26
44
-68
88
48
60
-58
42
70
-60
78
-94
-64
44
42
64
82
-86
-82
-86
82
-86
-80
-80
84
-88
52
68
100
88
-92
82
82
-36
-78
36
-36
82
68
102
94
-56
74
-82
-46
-102
-76
74
-86
80
-50
-46
72
72
128
-90
-72
110
102
136
116
-128
78
114
120
140
-136
130
-116
116
128
-124
146
-116
-128
116
-82
-116
-90
-90
-120
-122
-112
50
70
-50
-58
96
50
-70
-50
-56
-102
-66
50
98
-92
-100
-90
108
-120
114
130
-120
-88
108
-144
144
144
-106
-120
92
42
102
116
-112
-88
-106
-94
-42
110
-96
-56
-106
-108
-108
116
90
98
-56
90
112
-112
-98
-142
128
122
-104
-120
114
106
-130
-138
118
-118
108
124
134
108
-114
-114
76
86
76
76
86
-92
-92
-100
-98
116
108
118
98
116
-108
108
-124
-92
-122
-130
90
-96
-100
-102
128
132
108
-82
-96
100
-110
130
126
-112
-82
-110
-124
122
122
124
108
122
-110
130
136
160
-136
-120
-156
-120
180
118
-118
-148
170
148
-118
-158
-120
-120
162
150
142
-120
-142
126
150
126
122
-122
148
138
140
122
138
126
126
-162
-164
-144
-126
172
-152
-150
182
170
-158
-140
146
-154
160
158
152
134
-134
146
150
-174
134
-156
-152
-118
140
-98
-98
114
-130
-138
-98
-140
-128
134
-114
-146
116
132
134
-130
144
-138
-94
94
88
-88
94
-24
70
24
24
-56
56
-82
-52
-112
-54
52
-84
-150
136
-134
134
-124
128
-140
152
-134
-134
112
150
112
108
-108
-108
108
-100
100
140
-120
-136
-100
-140
-158
-126
-164
136
146
128
112
110
-128
140
138
112
120
120
110
140
-140
-140
122
-120
-120
-144
-140
122
-144
-144
-100
96
100
98
58
58
68
78
-30
-58
-30
30
94
74
88
106
-132
-104
126
134
166
138
-180
130
130
164
142
-142
130
172
-160
-160
-180
152
142
-160
-118
-130
-132
-132
-158
162
136
130
-130
-148
-136
-142
-150
-126
124
118
-134
120
-120
118
-124
-126
120
156
-118
-130
118
118
-158
138
-138
-134
-128
-156
144
164
130
140
110
106
106
-134
142
110
-140
142
136
-106
134
136
156
-106
138
170
-144
144
-142
-162
116
-108
-118
96
-122
-116
114
88
108
-96
100
-80
-80
-86
-40
-8
-18
-2
8
48
-2
-2
14
-36
-34
24
42
-82
-82
34
50
90
90
102
-78
90
-82
106
-136
-104
-122
-106
-156
-172
148
-114
156
-184
-162
148
-154
150
92
120
174
-134
-134
166
-138
-138
120
-144
148
110
-128
-86
68
106
86
-98
-86
-116
-60
104
-100
94
86
-108
-108
-60
84
90
-68
68
-116
-94
-90
116
-124
-62
68
108
-96
116
96
56
62
-68
-80
120
76
96
56
-76
-90
106
150
108
-100
72
-120
128
-124
114
-144
110
96
114
-132
110
-110
-76
110
96
114
-122
122
-126
-76
138
142
156
144
134
126
-152
-130
-100
118
-118
-114
-114
-118
-112
100
124
-120
-104
-108
108
120
-78
102
78
-74
56
80
-84
50
4
-60
4
4
-50
-46
-50
22
-72
58
-74
46
-58
-82
-104
-110
94
-52
-92
102
-116
160
-146
-174
-92
180
-176
-134
-166
170
148
-148
148
-146
-134
-158
-160
-138
-126
-118
126
114
82
118
82
82
102
-126
-120
-128
-102
110
86
-114
-86
86
-88
-88
-104
-104
126
-104
-102
104
128
-138
120
-120
-150
100
-146
-120
-144
-126
126
152
-100
138
-152
-130
-144
-106
-106
108
-118
104
78
-78
-92
-112
-60
-78
48
-48
-40
40
46
10
40
10
-10
24
-40
54
56
24
68
74
74
-50
-76
108
-88
-100
-136
106
-114
124
-96
104
76
-96
-102
102
-128
-136
-90
76
96
-124
-124
-90
98
140
-116
-118
-134
-112
-118
-96
130
-126
110
-102
-122
68
78
84
52
-52
38
-14
14
-44
-86
-14
-84
-58
-74
44
-12
12
64
-64
78
-12
90
-102
116
-102
-70
-124
-104
112
-112
86
78
102
-86
96
86
94
-86
-108
92
-80
-64
64
82
32
78
32
32
-82
-90
-106
-78
114
70
-110
-138
-130
114
-154
178
-170
-154
124
106
-82
-76
-82
40
40
68
58
46
-40
54
-74
74
-52
-54
-78
-94
96
70
74
46
88
102
88
74
122
90
80
-116
-146
-146
124
120
-108
-100
-146
144
-156
-166
146
-160
138
130
130
-126
-150
126
-126
-150
-174
-154
108
-116
92
108
-92
92
-136
-92
112
92
70
70
-100
-54
-112
60
92
88
-106
80
-28
94
-52
-62
60
60
-72
-34
30
-2
-2
-2
2
-34
26
2
28
50
50
-102
-50
22
62
76
-86
96
64
-80
-80
92
88
46
-78
18
54
-74
74
-54
60
42
18
-42
-74
-42
-62
-94
-74
-60
-130
118
90
90
-114
114
-124
-94
64
-68
76
76
78
-64
58
-58
64
78
108
-58
-84
-78
94
76
-104
-132
-98
-150
-114
-138
122
-68
130
122
-122
-100
106
-70
-68
92
94
112
-112
114
-68
98
90
100
-86
-86
102
68
98
-118
90
-88
86
88
88
132
128
90
-86
98
-122
110
96
-96
70
-106
-68
76
-86
-68
68
-46
74
-44
46
38
44
14
14
-32
32
44
14
-58
-62
-68
-44
-88
-52
44
-72
-58
-44
72
82
-100
-70
-90
82
94
-84
108
-122
112
112
-100
-120
-84
-92
112
122
132
-88
112
-88
88
-132
-134
138
-98
-110
106
-90
-110
-84
84
84
-128
80
74
94
-94
56
-62
72
-60
-60
56
-90
-74
-48
48
74
-86
90
-62
-88
-82
86
-98
-82
-48
-80
-88
52
-52
-48
80
-80
80
-100
92
112
-134
-100
-160
158
120
118
-116
94
116
-94
94
80
-78
82
-54
-78
-82
-82
-78
92
78
-54
-84
94
-86
-82
-84
80
86
-102
-96
110
80
-124
-120
82
128
116
-150
120
-150
126
120
114
114
-114
-162
96
-96
-124
-126
114
74
-94
92
92
-66
-46
96
74
-102
98
-112
72
-82
-46
76
96
-46
-88
66
-56
-76
-46
56
100
104
86
-108
-136
126
-150
-106
-118
-138
90
90
-122
94
-94
-88
88
130
144
-110
88
-116
122
122
-134
-170
-160
-148
-144
-130
-128
-120
134
-124
-136
136
-120
124
120
-72
110
-102
106
102
92
-134
-72
112
120
-120
-126
92
116
-122
-66
-112
-120
-110
112
-100
96
-66
96
-88
-88
118
112
-128
-88
-184
-160
-160
160
174
-146
134
142
146
-146
142
-142
136
-134
156
-94
-144
94
-94
-112
-118
-144
-110
-110
-130
-122
142
110
-144
-172
160
140
122
-140
160
-132
-132
142
-142
-136
-132
-136
136
144
-164
-128
146
-144
148
-150
-146
148
128
146
144
-156
172
-130
134
146
-164
144
124
158
124
-134
-124
124
130
124
-124
-124
-120
-130
120
120
130
-130
150
-142
-142
98
130
98
-98
-110
122
122
-102
110
-130
-138
126
156
124
124
-128
-162
-158
124
-158
124
124
140
140
140
136
-102
152
-138
-140
92
86
116
-102
122
-90
118
100
-86
-108
146
-108
-46
-120
-86
-94
88
124
-94
46
84
-70
70
-84
-120
94
-100
-96
-116
-126
-102
96
142
-132
-158
140
-152
106
-124
-128
-132
-128
-86
-118
-106
110
140
132
-146
-86
-118
-130
-156
-144
-104
104
-126
116
100
-104
-100
100
116
-108
-138
116
-116
-136
-132
92
104
114
-114
-122
60
60
108
-92
58
58
-92
-98
-116
58
-98
-96
96
-118
122
160
-146
-114
-124
-132
-132
-138
102
112
-114
124
-128
138
116
102
-92
92
-132
158
138
92
122
128
-118
-174
118
112
112
156
-134
80
-132
118
-84
84
120
-72
70
108
112
-84
92
90
-42
-62
-58
36
74
54
-36
36
36
-46
-46
-72
-94
-124
102
-142
126
124
-182
-148
-162
150
-172
-158
-156
-156
-162
168
168
152
-142
-140
-118
162
-134
-100
-140
122
-122
110
-128
94
94
120
-116
-128
94
102
-116
-144
110
-102
-116
-124
-124
136
-118
-110
134
150
-162
-124
-120
-118
124
146
168
-160
-136
-120
-146
142
132
-154
112
-88
-120
88
-58
-58
88
-122
-112
58
-90
82
-68
68
90
110
-112
72
130
68
60
60
-122
-122
-134
-60
-136
-112
-100
132
-136
134
112
-114
94
104
102
110
-124
-68
-84
-84
-78
-78
-130
-128
-106
-68
114
-128
128
68
114
138
-138
150
-138
-138
122
-118
66
104
-114
-116
102
-70
-62
-62
70
112
-94
-62
-70
-96
-90
108
-70
90
-64
108
-108
102
-112
124
94
108
132
150
140
-140
92
-162
-168
-176
-126
-126
122
130
130
-126
150
144
140
122
132
-142
134
-120
-120
-152
-130
-92
80
92
92
-90
104
90
-90
-88
-68
-92
50
-68
-58
30
60
-48
-26
-48
-38
12
12
-28
-12
-48
50
16
30
-24
-36
-38
48
16
58
-58
-38
70
58
38
-70
-12
38
76
54
50
-46
72
50
64
-96
-104
-86
90
140
-130
86
-116
86
66
66
96
-116
106
-60
-124
-64
64
-122
-96
-86
60
68
-82
82
-84
-68
84
-76
94
46
-60
86
86
-60
-110
84
68
-90
52
52
82
52
82
74
72
-46
-30
-64
-74
-52
52
88
56
30
-72
70
70
-74
72
70
-52
114
92
76
96
76
-108
-62
-80
-90
-76
-100
84
-80
-62
82
50
-78
50
-100
90
-98
50
90
-88
-68
-82
-106
-132
108
-102
-130
140
152
-144
152
104
-148
144
140
-148
-118
80
102
-80
80
108
148
-142
96
122
-100
98
140
-144
-138
-104
-106
88
112
-88
-80
78
-108
104
-100
104
-16
-14
58
-52
78
14
46
14
60
-58
-94
58
-64
54
-54
-70
-82
-90
80
66
-76
-70
94
-98
80
100
46
-76
120
-48
36
-36
-82
-118
48
36
-112
-150
-118
114
138
104
124
-124
-140
136
84
-134
84
84
96
96
112
84
-98
118
162
-100
-98
-112
134
-140
100
134
140
-152
-156
-134
-162
-120
122
150
150
162
-122
-156
132
-164
-176
160
160
-120
-126
120
118
122
-132
140
126
-74
-126
-114
-110
-138
114
128
32
32
-70
-48
-70
40
-18
60
18
-48
56
-48
-56
-42
68
-38
70
52
-32
18
18
40
-80
48
-50
-32
18
44
18
50
22
44
-18
-38
76
-52
66
-74
-72
64
108
106
-88
56
-102
114
-102
-128
138
-126
-98
96
-112
122
126
136
132
-98
-96
-112
146
-146
-110
110
112
-112
122
114
92
60
-100
96
60
82
64
58
58
60
82
-92
58
-68
96
96
112
68
-82
82
84
-100
-90
72
-64
-64
-90
104
72
64
-116
92
64
122
92
-88
90
-98
-98
-64
-90
120
120
-130
98
-98
72
100
140
166
106
-88
-126
-124
-88
-106
-118
78
88
-126
-94
88
104
90
-78
-80
-106
116
98
-90
-80
112
82
82
80
-116
136
120
118
-142
-180
104
104
128
-142
-140
-104
118
-118
132
144
124
-118
146
-150
-138
120
98
-78
78
-106
140
-98
-78
-140
-154
140
112
-144
-108
110
114
112
122
76
100
-84
72
112
-90
94
76
110
88
72
-78
106
-122
-108
78
-110
66
-118
-106
102
98
96
70
26
-50
-26
-52
-58
-50
-80
-60
68
66
-26
-66
88
66
76
58
-62
60
-62
-78
-70
54
48
-48
-50
-70
78
-66
36
-36
-46
-46
64
60
-28
6
-52
4
4
6
-36
28
10
-4
-32
14
-14
-4
-26
4
34
36
-28
84
32
28
-28
-64
70
-46
-66
-118
-96
-98
-100
-104
104
100
-104
112
116
-88
116
-88
-128
-126
130
118
112
114
-88
-130
130
-132
-138
110
-94
94
-90
80
-90
-64
64
110
106
124
-64
-132
122
-98
108
132
-134
-102
122
102
102
-104
-126
-132
-126
104
128
134
128
128
108
-92
-68
68
112
-76
-60
-48
-26
34
26
64
68
34
-42
78
-80
56
26
84
70
60
-100
-98
-68
44
94
-74
74
56
-102
94
-98
86
-118
132
86
-86
94
76
-82
60
-76
100
82
126
122
-90
60
-130
156
142
138
170
-116
-116
-134
-178
126
-116
-142
126
126
126
142
-152
-120
118
118
180
-188
-132
112
144
-126
126
142
-128
90
-90
128
128
-126
-90
152
-144
130
112
-128
112
112
-126
-128
108
-98
-98
-108
-120
124
120
100
-98
-100
-82
-74
-54
-72
-62
70
50
-44
-44
-54
26
44
-40
-40
42
64
60
70
-42
58
50
-86
96
74
26
-102
104
-64
-94
78
98
100
50
-98
88
88
78
-108
96
70
-84
-102
74
74
56
60
-48
-18
-24
42
40
-42
42
-18
40
18
54
-18
28
68
50
-106
-68
-98
-100
100
-106
92
98
-122
-106
-144
-134
-98
114
-94
-116
-90
92
-90
-40
46
-84
84
-106
64
90
40
-52
-96
-90
90
46
90
-104
136
104
100
-128
130
130
154
154
136
156
-72
-72
124
-118
-88
42
56
42
-42
50
-82
50
-16
34
58
-58
-76
-102
-16
-60
-38
46
50
28
34
-52
16
-22
-16
48
-32
-62
-80
18
-16
78
86
-92
-18
-82
-88
58
106
-78
-92
-104
-124
-106
-120
-114
-124
-146
148
-164
120
130
-114
-110
122
112
-110
130
-110
-52
-94
92
88
-88
104
98
52
78
78
96
126
-98
78
86
100
86
138
80
86
106
-106
130
100
84
62
-98
-110
-116
-94
-98
-84
-62
-106
-122
-144
-138
-124
-108
-160
-166
-178
158
-108
112
-140
-140
148
-104
104
108
110
-114
-114
-148
104
104
-138
-152
-144
-146
-160
154
134
112
-108
116
78
86
-62
68
-62
-62
62
16
-16
-82
-82
60
58
-72
-62
-46
82
-76
60
-66
58
-50
46
-72
72
62
70
16
52
90
16
-46
-70
-80
-76
-40
92
16
66
16
70
-100
-64
-16
-100
108
100
108
-126
88
-102
108
122
-150
120
120
-122
80
-56
-56
-66
-44
92
-56
62
114
120
-80
-44
106
102
-116
98
104
-98
76
112
-112
122
114
-106
124
-98
98
98
-98
-138
98
-108
-140
138
136
144
-182
-142
-142
-136
110
-130
92
-110
92
92
130
-130
100
124
-100
40
-104
-104
104
122
-104
122
-40
-106
-146
158
-142
116
134
156
140
-142
132
-130
-160
158
-142
-126
150
-132
-130
-122
-152
120
-120
-166
-96
-138
96
-96
138
-180
174
170
140
140
44
-82
-44
22
82
-70
70
100
-82
-78
-22
94
-110
-126
-112
-112
98
-62
-112
-120
114
112
118
78
-118
122
-130
-102
-102
-102
100
100
-62
-96
-100
-94
-90
-108
74
62
68
-74
-112
92
68
-108
-104
-120
-114
76
-134
120
-148
164
112
-136
132
-132
156
-146
134
-112
-164
150
150
134
152
-146
130
-110
150
-128
-128
-154
-138
120
100
-100
126
136
-124
100
120
158
-150
150
-128
124
110
110
-152
-120
144
-110
120
-158
-158
152
142
180
162
-188
-162
-116
164
156
-156
162
-136
-120
-98
-128
-98
98
128
142
-128
-104
-112
-56
-12
56
-64
-64
12
56
-12
18
-90
-86
90
-96
38
-100
54
-58
38
54
68
68
58
82
-82
-78
-56
82
134
-138
134
106
102
100
90
-72
-90
-118
-100
-116
104
90
72
90
-98
-56
-56
90
-56
84
-56
-108
106
116
-68
-68
86
-104
-84
58
-76
54
-54
76
-60
10
-16
10
-8
38
38
16
10
-36
-26
-32
8
34
56
-38
-8
-42
-64
64
38
-28
102
76
-82
86
94
-98
86
88
-96
66
70
-90
52
44
44
-92
-98
94
-44
-48
-52
-56
90
-60
-38
78
-68
76
82
70
-38
68
98
78
-46
-78
28
28
-32
-64
-32
22
56
44
64
-72
46
76
66
-22
-66
-80
-82
-22
-80
-36
-50
-84
-78
-78
36
74
-36
46
60
-36
-36
52
-46
-84
-52
-116
86
-74
-104
108
108
-84
-124
118
-120
-134
-150
-150
90
140
140
-140
-178
-134
-146
-176
168
-174
-138
160
-80
138
124
124
160
124
-146
80
124
-84
-84
146
-144
-150
122
142
-134
134
142
-136
136
134
146
138
146
-160
-162
156
-146
146
160
134
144
96
-96
-122
122
-138
96
-122
140
-126
136
122
-170
-142
112
-150
142
-142
-138
124
-114
-112
114
-114
142
142
128
148
140
-120
120
108
-140
-108
-92
92
118
122
-74
74
-122
116
-122
74
100
142
-120
-120
122
134
100
-100
126
106
106
118
-126
-140
86
116
-92
-116
100
-86
-110
52
38
38
66
68
-86
42
38
104
-104
52
38
-100
-96
96
106
-122
-100
110
114
116
100
118
102
-102
128
-126
142
104
-144
-168
132
-120
-106
-60
-92
60
-82
60
66
86
66
-36
-92
38
38
102
86
-48
36
-64
64
82
48
68
-94
-76
-64
64
90
-82
-132
118
108
-120
154
144
-106
106
-138
132
-88
92
-120
-106
-118
-122
128
88
-92
104
104
130
134
152
-150
-150
-102
-130
82
82
-92
118
92
-82
96
-98
-82
86
96
-106
-88
100
-128
-116
-86
96
-114
114
-144
110
-120
160
168
168
-136
-136
-124
122
-116
116
-80
132
80
80
-122
-110
-106
114
108
-114
-108
-76
100
116
116
136
100
-116
76
112
112
86
126
-112
116
122
146
-86
-96
-112
112
-136
136
88
-128
82
88
122
-82
106
120
-108
100
112
-82
102
108
114
130
100
-118
-146
-152
-114
142
142
142
166
136
-174
-136
136
156
146
-146
136
146
146
-148
148
-134
-160
-146
-146
-136
-148
124
104
116
-124
124
-104
-116
-104
110
-142
-156
110
104
-116
-140
116
110
158
-158
154
162
168
-124
124
128
156
106
106
-140
-120
-122
112
-104
-88
-88
106
78
-8
-24
72
84
-66
38
-10
8
-24
-70
34
-52
-42
-10
10
66
42
-72
70
-94
-82
20
92
-96
-126
106
100
116
-136
-130
-138
-138
-136
110
110
-106
-110
112
112
144
126
-110
106
-124
130
128
140
-150
-132
182
-186
-144
122
122
-152
-154
-144
122
152
-108
82
114
-112
-134
122
64
-76
64
64
-64
-90
66
76
80
-68
12
62
-12
-26
-12
44
-84
50
-14
30
12
-12
52
80
-112
-86
-80
118
-126
94
-134
-116
-88
96
-78
-110
122
102
-84
-88
-102
78
106
128
108
-144
152
140
158
-124
-124
114
124
-114
-66
-96
-90
-90
-110
-116
-128
66
96
100
130
156
124
-138
-164
188
186
-146
-146
-156
162
-120
130
100
-122
-110
112
-68
-90
84
-84
90
94
-102
70
88
-76
-58
-62
