1154.707674639
-1657.987399102
620.267250002
1645.573883982
1224.894692314
-1435.252155226
812.103332349
1420.785660522
762.364967506
-264.298063625
510.509073692
1050.704715986
859.496924989
309.078622675
1075.682414168
204.441513808
-1697.775054729
-1452.342548339
-1176.670273578
-847.628849948
-841.955095977
709.367370538
235.870011828
-481.873515064
-518.076632827
-1157.894171431
-1305.917457256
-835.887980091
-715.990010272
-786.447708239
696.600889162
953.546272726
-1676.186801882
-777.575846329
352.209166291
708.793834956
-376.964234387
605.933974371
1764.923133446
298.011049983
478.031756900
197.150143542
-1079.344197002
-329.744000374
-769.566342837
-667.708279760
-460.440154959
547.878055907
-856.988370047
-751.559335223
204.441513808
-655.637457048
1179.309874915
-341.048436634
780.632866667
-1040.744537542
243.535887341
905.493806007
812.439018097
734.593303542
-243.535887387
785.650039285
776.518590237
1021.484119356
982.846118902
-563.408011570
-1319.683073641
703.216251520
-577.232024506
-961.294744573
-194.005891536
-1544.561479882
920.347571983
-437.051907323
804.665213572
-209.696858761
-999.013938403
-442.608175654
491.372871590
-1414.832647635
-143.148620474
69.437375354
92.306564214
-132.995311531
353.170882312
336.043077076
-243.240464421
132.995272585
69.437375354
-92.306564214
-589.591091976
-557.786524449
-182.767632339
-1164.167827923
245.723831242
-358.821216849
-648.822643215
-1612.360516581
-319.260855982
1178.964180525
1166.683608296
-620.402972774
-991.204987864
-713.134668478
-914.596362813
-730.611734321
-1347.442249698
-1268.287661444
-633.171191808
1168.826503782
-995.019568271
1018.696494041
-1314.543881869
-1665.932348768
873.417371959
-968.555753239
889.524619213
-739.334648153
-1051.214055077
642.304948373
-989.476765464
1385.035977319
-1674.671116226
902.011444936
971.239977903
-702.404633902
-1337.881698043
869.191548467
-615.992008526
-513.991433210
-544.249316727
934.764916198
634.053696611
-1081.581556793
-256.736908051
1008.473868979
1663.378875405
697.179980405
1182.552143658
-405.068483122
-1698.130375467
1212.136757424
-831.884301863
-616.405348029
-523.273447565
626.343841609
622.721425288
452.228790762
719.196112123
405.068483122
1207.399031639
953.786350853
1092.203300567
725.389678614
-577.617485164
-949.602334096
517.037151756
-1898.917126749
1016.814565172
-1052.024437343
1020.125887371
657.852287897
-1046.489097783
-429.582703297
-1101.437497561
1249.477096766
-439.189212245
1346.540624773
1188.814451177
-480.919535625
-734.392439757
1426.340881625
1312.382539737
-439.189214418
-765.981604907
-825.226948587
963.387263554
1266.688224517
1089.627341279
1495.823345525
1469.372604224
1305.442137324
-1017.430584213
1195.207725151
2089.569959288
2074.300375281
-1874.038768850
865.299931683
1072.882860957
-1853.163184043
1534.017981711
2127.035157754
1015.950154915
1535.458458928
1692.422265975
-1797.881948229
-2051.903460056
-1613.364966759
1155.659276234
1604.443544740
2422.399843619
-1825.466717064
1469.650398013
1559.239709980
-1691.528229789
1386.611029075
-2073.982806849
-2651.267673491
-1528.113991190
2290.403385669
1690.490176801
1958.114711962
1641.286855192
2017.476445364
1946.259100880
2193.002984461
-1977.199053703
-2152.204919886
-1811.153170076
2310.855383853
1493.466709524
2218.139016110
-2434.449474476
-2345.146300726
-2679.504528267
-1837.386315486
1666.087041860
-2144.374200652
2039.332738377
1890.949662965
-1747.405375492
-2906.497370317
-2207.334202195
-1553.371898766
-1991.088192141
-2438.350197119
-1746.163782852
-2671.367090629
1835.132204800
-1890.073560587
-1951.932837091
1926.871471659
-2648.799455609
2716.243683167
2167.723261031
-1898.000455789
2691.158945027
1689.274928939
1374.121196174
2454.480739164
-2158.791460785
1135.247623517
-2074.068239985
1257.997228444
1381.527008019
1143.947319703
1419.009316770
-2388.313619175
-840.818138186
1766.385706753
1039.419663766
-1901.863648686
1143.947319703
1667.300191151
1440.300801200
-779.176523095
-1644.034644166
-1337.389437378
1507.909725100
1745.704596993
-1962.299544873
-1064.645028088
-941.310054058
-2290.921627567
1072.380623092
-1232.158958611
1377.290731340
-1030.136024499
1592.535863614
-733.352008406
-1956.524159056
-1360.415461434
-798.303032139
1630.852094592
-1626.039584588
1472.943445797
633.006158594
1724.725984910
1081.120579634
-856.408473898
2379.884721886
1762.478687793
1072.013032164
-307.196971301
752.672973239
-618.359963711
-841.799700280
953.868622415
844.217414111
953.868622415
723.451904064
752.672973239
-658.730987182
-684.105243115
-1403.314406165
1390.391645289
-1196.025082595
-495.934340024
-1323.869178819
-756.372028577
-1027.256403069
2228.581575726
-899.823884389
1502.849942050
1097.748254741
-998.103899659
914.795050666
995.704139939
1328.381677859
-753.533741893
-1358.278844360
598.118724678
-1103.327307505
-420.521758395
-1377.163606171
-1834.908893553
1303.253960937
768.852671731
-1410.966314170
-1234.839446883
1188.197995328
521.752729909
-1501.447116609
-559.078793851
870.219107103
-237.831726379
559.078793851
513.711386813
344.855607137
-1415.443596125
867.834392597
-983.763277868
237.831726379
-1604.820053641
386.681059819
344.855607137
782.261004952
-1231.125497952
-1780.513712081
1251.249076807
-1270.664700693
848.392401793
1622.340766047
-1677.865929876
-939.552829108
1792.759050915
-548.214583341
-984.091703846
620.601508103
1368.797889581
-877.730954695
1116.382877153
1429.953681178
-1962.131882481
1769.846793564
2162.853190888
-813.307602435
-1555.170448814
2130.749163730
1012.168626278
-1779.559930453
-913.638213056
-1347.118241741
-1083.157114654
2662.196374687
-1164.931149884
-1601.423671627
1310.398600951
-1711.234746254
1424.894170097
-1624.057715272
-1939.585123013
-1420.232305752
1323.553977248
756.573024673
-2062.006333065
1112.575037545
1329.584674910
1666.606750464
1458.054195466
1269.380697046
1095.158091025
-2303.972289515
-1486.430143094
2133.220827248
-2107.099745929
-1607.675460561
-1631.624701984
-1774.805053896
1819.357270806
-2478.380386174
-1407.159323217
2244.614688090
1694.318692958
-1798.986045358
-2093.393950590
-2031.097176272
-1827.343828246
-1765.369988381
-1588.642284239
2193.134484682
-2435.657935796
-2009.010641362
1961.231126157
2498.295656103
2222.603743942
2104.996178532
-1635.135351019
-1684.535597035
-2275.480747032
-2017.275970361
-2474.967062260
-2064.297680096
2402.134782477
-1911.606892178
2627.439758725
2227.030396829
-2021.964851887
2391.203274420
-2061.343340681
1875.586802606
-2558.563536365
1944.221305442
-1907.375340582
-1919.736693852
-2271.754415368
-2511.696723411
-2101.431434047
1545.110917676
2973.625226948
2091.230947743
-2383.503517888
3370.767161706
-2107.714213779
-1791.418365070
2195.431050990
1988.650197942
-1799.419490087
2334.592149304
-2025.605452723
-2215.689337349
-2133.819901506
-2126.186462006
-2349.092953206
2045.848942295
1960.404755143
-1774.201022785
-2075.157676232
2148.861266874
1242.252254867
-1675.363029563
1034.250862592
-1801.635558028
2244.976486319
-1631.289906895
2089.002004791
-1657.306839097
1643.534222343
1204.897884331
-1576.215123556
1758.928803638
-1141.850420351
1092.515761433
-968.438129535
1516.393578327
-1662.580276586
1341.234943821
-1372.750840387
1689.042755751
-1698.389492446
-968.438129535
-2730.626890740
-832.007125222
-1158.431842211
-1422.752968338
1141.850420351
890.293096061
-1025.809932467
1435.410254739
832.007125222
-1757.730789958
2260.808394710
1450.502541929
-890.293096061
1532.783391680
722.616676482
1747.851277966
-1907.395294803
1490.129642481
-1850.579156672
1733.892328645
1678.320280545
722.616676482
-1383.753122634
1397.910050686
1374.154109726
-1148.471977089
1845.925356907
-1133.171465996
-1210.453249529
1152.071810184
-1235.808507861
1420.124526840
-1180.393911502
-1318.596218411
2106.313181764
-1676.899276412
-982.508885736
-1213.247199527
-1249.553525345
-1778.203493327
2056.048851625
-1628.625984876
1180.956865276
-1184.676917740
1526.095833813
2169.232318831
-1441.683481211
-1098.922339772
-1343.776058095
873.211564575
-1313.969212014
1672.095676616
1259.470521865
1825.824072045
-998.499251957
-2315.448334829
1898.587800013
1551.749074465
815.468905378
1631.253452981
862.417937550
-1584.191954043
-2113.524502636
1169.835863114
-1378.153149455
1304.783163774
-1318.194634133
-1426.270415894
1892.529577806
1790.313637431
-1445.807632975
745.656272139
-1187.790472078
756.271150190
-808.191784043
-1700.631947013
-1320.154032928
-1543.532260555
-653.365635444
-1509.165610051
920.630865879
1383.475507480
1069.886956878
889.376217474
-1375.896152253
478.285949153
-345.071242030
1450.994417353
1644.308116381
-659.125551502
1480.869719104
-324.105017652
-1354.896173571
887.190670646
-1723.316188195
829.561969555
512.517371951
735.214909776
-582.918358560
-470.128574101
257.971832753
-882.570005819
-1310.972594887
-577.639004926
1331.495941674
-967.648070677
671.367509547
-688.147038665
710.889558491
605.259047746
-890.801322389
584.368335509
-622.121942837
-730.590494941
-1260.736101775
860.006574824
1098.844521457
-1015.630656932
412.059393347
10.462153555
-351.294759907
-346.391590613
-10.462153555
-617.547849575
-453.417794924
424.394798638
114.194876922
-1254.091910484
10.462153555
240.921691199
221.909185556
-610.279165057
-737.885121735
-216.497657768
285.862150504
678.345440186
-1137.786019707
164.701893070
164.701893070
-1125.446926353
-1034.707849250
1141.873486983
-583.326504197
406.860480248
-857.221025794
1148.879607046
-1325.666738007
523.302668217
755.855567397
1234.178726361
-653.441503274
913.237168890
777.793187725
-638.892632281
-644.884069731
908.225737321
1484.791707414
-569.266187921
-765.920833891
-430.620405510
-706.019212461
38.609929911
880.385297640
-620.862092898
351.406656995
905.935697228
1104.356533703
-309.804464625
-38.609929911
1244.551504457
-990.854840266
609.429999455
-415.558132704
-309.190078500
565.831839150
537.825344029
532.565569054
-1088.301407401
298.814269515
-652.409148260
1413.246514785
-351.538521360
168.813582122
2121.792687805
1302.884743733
-743.868012400
-641.578896827
1953.332150825
469.858159948
1368.074591117
-1415.679135031
-561.340218120
298.814286378
-1156.411956618
653.403126217
-454.470633862
-632.166587470
-1026.018977043
-538.327898392
-875.459061258
1645.479432502
702.038662681
-551.006210307
1528.952598040
-783.553932770
-721.146750610
590.027479288
1018.247828494
-1122.135504651
-637.195168255
-655.609317446
852.208968895
-1190.099290342
-1192.524421836
-773.001831942
659.363247268
-763.559487784
-1140.304460552
1296.856681144
-1148.185374721
-1794.600624458
586.394257053
-883.708029343
1547.837678425
547.594691871
-1831.196175978
-1554.333990472
-1222.082589244
-1354.510351755
1628.529561356
-1989.839911126
765.000206433
-1376.241929294
-1372.416274572
-1606.624051140
1765.470227121
-1136.837048443
-1444.468588367
-582.924867867
-1281.795067087
1531.343230114
-1969.114447985
1967.250843979
1804.728767591
1585.537636625
821.301382297
1521.412022461
1886.760545031
-1380.289203807
1581.009471378
1767.033348392
1203.628524972
-1838.998387958
-1762.453612433
1922.993956404
-1932.261084664
-832.395927544
1640.751275192
-1755.535359004
704.432950779
-1143.303115364
-1927.644424309
1522.976371364
-1042.219473676
-1623.315137863
2015.351027964
1378.016729147
1491.671341285
-1624.587795440
-1400.202855953
832.395927544
-1158.044622997
-2137.733093897
-999.718879710
-1188.180094292
-1423.729610721
1362.115736171
1654.536634945
1158.044622997
-652.817372200
-1127.579783485
1598.553560344
-1816.326350109
1655.859605015
1366.844238953
1401.847417047
-1038.529118066
-941.318232802
1351.660313561
1039.543247186
809.118557373
1466.328602347
-1100.208712651
-652.817372200
1771.046448915
1339.805473484
-1395.486195099
-1421.264733011
1176.865629545
1034.214731613
1131.303923383
-1672.442721562
-1284.805998937
-1331.390608481
730.684380992
1662.065043883
-1561.486683217
-1547.239865683
1388.282137781
-1413.071192466
-663.137561450
554.490906563
-1713.711181675
1238.653562014
1576.485304299
929.546053575
1118.405648084
1102.859545521
554.490906563
1447.620803202
-942.765542344
981.865944624
883.685608470
-1436.264860078
-2037.455085465
-1749.801371439
1758.685874435
-1156.862605953
1188.898787640
737.745008296
1284.170086636
1346.858732892
-844.261942324
-1508.876855490
1615.192350583
783.815133116
1601.063911449
-1396.040681583
-275.658982655
-471.677835295
-912.864031224
-1140.724533891
824.747033126
471.677835295
-1217.176535099
1319.656562429
-1669.409984940
884.799265646
-1392.314159938
1137.175777005
1308.739447086
1803.365114636
-275.658982655
794.355240983
-1499.120727473
1636.280148027
1143.698261538
-922.985795485
845.104763815
470.991705344
-1865.907379268
1228.962142597
853.683869792
127.394343703
960.888380815
-1164.799742544
-593.098295230
1281.073119162
-1617.137246977
1124.679389309
-127.394343703
1818.634205443
730.622504583
701.886881307
1942.495632262
1074.972745697
956.960999904
-371.081493264
2020.511609587
-1116.614152402
702.690786736
-1744.517896844
-1315.019087197
-916.113220962
674.480199990
793.586278338
-1413.621105729
1013.989900880
-1204.516612308
1347.862393612
-1041.115974011
-1934.610160943
1279.244077196
-1544.712837639
1088.814631833
-2067.546996264
-943.906245553
1718.165284173
542.039354916
661.214719914
-907.008635753
1858.743632524
-971.581529260
-1659.077893992
864.392157424
557.062322617
747.740439402
873.406274278
-739.623229054
995.543513319
-681.353137939
1029.269851776
1757.959656020
-472.863957131
-864.865433258
-1061.372867260
-1853.371359727
889.885121866
868.410386815
879.576350637
-472.863957131
-1707.410794292
1692.017684831
1263.919281155
-1039.300008892
-828.050844104
1299.271166080
951.449383378
-1324.279953356
2309.848408754
1292.029299929
1946.683185130
-901.602375940
-1439.594872443
-942.695142728
-1363.362879011
-2218.298837084
-1007.135894737
-1440.823617093
896.483661001
2275.427247689
2405.610595602
1675.620384120
1800.654410705
1247.063232519
1252.821069886
-828.050844104
-972.520042287
1157.628690507
1674.280012697
-2164.528229883
1739.905518456
2863.246660443
-1274.722864822
1004.075235390
-1171.181413087
1356.020780690
-1486.721223644
-1575.783391765
-1269.574125184
1132.375165370
-631.230244556
1390.099389348
1488.369649185
1533.619378058
991.271708891
-865.596498004
-1020.302179728
1420.425437012
1018.124736591
-1460.476687206
1638.904045269
-1606.734747024
709.809781859
2234.958402528
-971.550383831
701.649592733
-1564.646119712
1244.803745407
603.742704819
797.567823576
-1339.330268899
764.219279635
594.452265444
1174.804085313
2032.683513694
-1079.382576425
-622.482444593
938.909690185
-588.727336657
870.375570288
1523.490707984
1344.950098384
-896.991778948
-1064.551140081
434.905591122
185.912771577
-686.816243802
-601.282196983
-1791.219016427
-511.039949784
848.433825803
787.783947387
-377.698619536
-558.727689090
-1142.682901373
548.709204731
-1084.623013865
-1227.996546400
-262.680744499
185.912771577
-822.533108847
-971.659726883
-1045.933099962
1138.522381121
725.536215639
-223.127232682
-1090.452359078
331.839633491
-1387.042662751
784.193832586
926.402753875
444.876081339
1051.323167483
782.834614242
-2129.874350935
1146.775447391
-975.830682097
-1177.594359214
1122.745227231
634.846416301
-337.764451706
659.188404011
572.358171040
-373.708398137
-320.104099089
445.080659221
-193.558827251
1036.923203263
293.336140875
981.253008218
-672.444579943
-778.109756057
-339.093161733
-763.000749080
-807.537616294
394.282052596
693.714826873
403.569330439
398.073898438
-723.547391811
362.338491823
-1015.390985638
842.501771752
114.021737414
-222.235102218
423.726048643
243.294363660
481.918463820
912.206919986
122.306523550
-301.469819115
281.621737039
-877.530318856
556.340923631
497.463078083
865.699670527
-114.021989772
1565.441616319
-282.481929377
331.143638881
1599.077798544
190.188131196
447.002365919
467.669858653
-625.486780287
422.384099173
-982.403591455
-1208.429483003
605.234615342
60.418665408
291.508534056
1185.636205840
-234.761975807
776.100057639
299.544128446
328.451366791
400.216026143
624.628969565
668.184899614
-797.239951949
-462.095541505
692.116497610
929.636461987
60.418665408
-382.878145676
523.321560373
-302.621237768
662.506751547
758.890487564
295.267234954
600.973889057
112.400837558
112.400837558
490.427682819
881.021999095
-1193.804456140
-192.027041662
-1127.513122357
-1008.109526326
542.438748952
-1139.646736014
1028.310579662
-936.051040374
-1110.592259093
-475.032825333
-622.971303783
-374.267034839
543.729626004
973.796951733
-660.496580792
112.220417225
775.502382512
-647.728528433
-796.334126440
1083.150673673
-611.169970700
-442.600656186
153.732879048
740.434037636
1101.240023582
-754.267146571
755.169558243
782.036883654
994.948939341
547.628880763
974.915443475
1340.371750518
-924.244368863
-829.623137345
778.330857782
812.391059660
975.808116165
-493.573603315
-467.388173621
-731.274136286
-693.694824560
-292.330673298
-813.990462379
-1600.080253182
-754.008404584
-485.715792889
1079.692852767
533.748261487
788.366830950
669.200372308
-1546.254583445
-700.003100662
1417.582910065
-728.432578858
990.078161680
-898.500467885
964.854937695
-671.590068554
-391.608759636
671.505573194
-1106.822777309
1986.193954207
406.423528306
473.124628638
520.508428066
-391.608759636
-1576.468400363
-1562.246098266
877.678960100
-747.893342723
1042.352805471
-1297.744197427
-875.915985030
-1279.648788426
1050.084152759
-1643.317287854
-796.221561453
1080.052155235
-1739.496471990
1078.148987713
-1067.410048199
1640.912750755
783.531684354
745.218397272
-818.719458295
1493.608447238
1293.263553230
2026.741095251
-633.491325465
1753.570923381
-734.168861245
473.124628638
1122.654815772
-961.268327923
-1502.712682101
-734.012401480
-1164.275527136
-853.071668889
-1424.375569494
-1370.330388010
1695.770230222
2040.467963899
-1554.824273327
2063.168967431
1949.943933227
1236.393185646
-1823.151879749
-1362.549308454
1731.637612227
-1012.481705748
1350.247370261
1281.779471873
1408.721701810
1827.356931208
-1638.167907708
-1495.346444978
-1114.885695318
1249.486035360
-2305.923610356
1281.029545694
-2384.964091420
2211.229013266
1026.287089471
2084.112486824
-1170.163767702
-1787.086666443
-1345.356291774
-2941.162399912
1980.473907691
-1076.676432169
-1121.818227798
2096.195613329
1325.651721570
1951.084506194
-1406.900117756
1430.377758301
476.731153761
1813.353076766
-1520.544363519
1406.725044986
-1574.919823180
-1832.002695722
1682.104337638
112.820142498
-1276.960395242
1480.548816492
2163.359166750
-1937.115559812
-1683.411634288
988.436370868
-872.499740830
2153.366369825
1790.288621106
1565.469696202
-1276.852782350
1508.333642978
1676.433951733
112.820142498
-1747.636869304
-2096.583849030
1850.864345102
-1827.077970060
-1989.812975506
1213.742261458
-1005.236100803
1133.653083737
-1811.336258982
1741.796800697
1391.191465274
-1621.239764344
2047.870408449
-1562.869946823
1416.777634196
2034.500830140
1942.461103432
1141.495382571
2027.279575526
-2000.479781724
489.857387249
1462.346746935
-2226.648866155
1864.030683546
-2200.927823679
-1777.918207412
-1823.690281444
1563.126176161
1379.985203876
1907.305827454
-1628.918866474
1378.279253780
1994.000702371
1549.275782021
-1186.163175311
-1689.645865603
1992.746491758
2425.339089941
1461.657560502
1802.179003343
-1496.749375471
-978.540401099
-1654.018421088
-1611.493457996
1760.668828289
1769.844907407
2623.931853406
-1487.492078862
1586.920142983
-2146.466288183
-1746.669350395
1681.688175379
2041.456551611
2274.819593064
-1504.714331937
1341.097251646
-2652.857961816
1823.383303755
-2489.525521260
-2252.693145186
2080.363060073
-1812.810400979
-1758.835190098
1839.138495510
-1611.493457996
1681.688200805
-2163.836552255
2259.003795960
2242.297594610
-1695.353233574
-2325.825408587
-2598.666007027
-2255.054343600
-2670.915716772
2324.287999370
-2342.811169369
2313.224596880
2185.743703147
-1857.061576503
1804.632511521
2586.747681302
2349.554355853
3220.928224940
-2207.094395775
2202.192891511
-2021.879497676
-2750.890905090
2656.275690232
-2495.071972291
-2200.976486475
-1895.966125415
2930.348485796
-1957.446795957
-2151.046122158
-2568.364739334
2676.118679720
-2097.598871214
3144.063107361
2950.434373996
1708.883095376
2966.400495804
2740.849012084
3221.251188750
-2080.430950735
2540.938942143
-2191.946389983
-2228.421283113
1816.553007593
-2515.931639566
-2165.193906084
-2758.057360206
-2902.090614025
2713.931956963
-1674.613806976
2218.738716208
-2358.676002389
-2294.654096556
2738.761418559
-2177.861170927
-2047.947538241
-1800.508788008
1847.136135555
-3119.482083173
2881.142727061
-1974.953574871
2382.550834874
2526.602947469
-1417.532874450
-2644.727863101
2278.216246199
2344.994465548
-2306.134645658
2077.520526167
-2384.731766833
-2375.356423926
-2020.350406440
-1973.190134975
2610.347592815
-1813.700500953
2360.282749428
-2502.219482053
874.876046702
-1706.572881295
2309.487636821
2289.252544492
-1920.872261127
-1611.358860445
-2030.065400873
-1886.022973136
1197.341906323
-2332.297283839
2436.571530710
2451.608030128
-1682.530106399
2181.987528159
782.434447784
1197.341906323
1369.017463438
-1992.598977329
-1443.381061420
-1898.591370090
-1354.825942386
786.593163696
1325.016501294
-2335.406319979
-2369.805589898
-1621.390580442
1372.254358335
-1178.730805668
-1401.124616261
-1487.494723935
1762.618716550
2121.359860164
1625.047135031
1942.249965796
1559.434684087
1269.031682025
2369.101853670
1869.854658427
-2363.632921965
-1102.226952837
2212.206609175
1705.509290440
-1601.068678433
1538.749498811
1882.387715279
1531.038797710
-1905.423155621
-1829.895463141
-1642.998681561
-679.131728294
-2261.699322508
1419.240609176
-1071.881979340
1556.100249089
1672.063515453
-1520.568527775
-1427.207731222
1406.885144018
736.630339749
883.885793729
-1766.058263046
-1768.452801265
-1169.813006153
-678.969694446
-1263.368074479
741.652903837
-762.450283811
925.644786569
1223.540944430
341.388239585
-374.346743852
-1047.800919224
-1026.350382632
736.623773739
237.994948069
1769.781022199
755.037429074
177.349211319
1214.735402915
-1582.811657747
-1679.001484488
-659.695513753
-724.195728810
210.364151880
177.349211319
-724.195728810
1265.097610547
-1099.777664666
-210.364151880
-1891.485075413
625.841719182
-223.188634191
-1185.289296408
-1714.332090300
858.991486684
604.605727632
-979.785075201
1208.138641515
1627.116236576
1909.639101740
1245.248007249
1334.652340929
732.256349913
1740.932311968
1281.059429608
1583.243322769
1658.862864072
-1340.273143987
-2439.027979465
1087.153083193
-1599.163572189
-861.265236996
674.851183474
2031.336205762
1212.672542988
-2297.702609482
-1258.068415548
1749.354268778
1541.812953803
676.444881797
-1337.181963709
-1086.043152186
-1046.749099926
-1059.429388745
1786.751628358
674.881733684
793.808366207
1972.902084788
-1324.805357676
-900.545251320
967.421123514
1116.994991850
-1339.967355160
1228.725920242
-927.925460918
1639.714231648
985.932926797
953.083356780
2117.463239213
550.445087841
1340.356005314
-532.815344433
-1322.858379277
-633.581521336
657.175280609
-687.647814768
-710.556380093
1060.528619157
800.148674908
798.864894342
1301.217299041
-906.130844118
-479.917662033
-803.195677692
771.637408476
886.105348834
-1021.444621043
507.258367202
250.871788560
-378.948792002
-518.127562155
959.190663950
448.142351888
-543.071345737
1095.458662259
728.283490126
1260.277815366
-351.471085923
-691.865536861
627.146517643
738.558105086
1043.756589052
447.954946779
-1072.883290624
767.669444676
-712.051620835
-661.155841236
-868.752664888
691.812708888
207.935662027
996.760514913
-772.429454212
420.262539378
-480.120269229
-573.386620258
-525.643408728
229.781150706
-750.257935428
-207.935662028
1440.070251463
803.208115627
-1123.528545540
-378.948792002
664.358051640
-667.055893624
-1087.800672962
207.935662028
-1001.744997931
-767.614534440
-521.176485269
504.592485832
1679.748289260
995.440027084
-1172.827501882
-1415.101318191
1718.196970883
-1788.360179101
-540.427068091
-2076.444107675
-849.249728888
-921.243170437
1047.026496506
-1390.194468877
1875.821492072
-1684.689220165
1588.389058958
-1012.659294923
1183.110357594
-1048.886146380
1222.686928890
-932.196151826
1007.499233264
-1587.812856834
1056.668155723
669.529540607
-2404.496982967
-639.455524573
845.964279263
-1596.325461588
1932.281100364
1736.785302075
2129.048085612
-1530.721599060
833.535872728
917.737679544
-867.766611475
-1156.009042941
-1501.566462389
-1413.636472175
1147.708184293
1706.524920855
2121.087251427
1164.475377363
750.097025204
-1623.139707230
1212.523246448
-2010.114596304
1577.855004371
-1531.364660575
1759.014250872
932.953294537
1618.111674133
1730.298654577
-1685.256112714
-1129.826686915
1473.765074551
1285.473399072
-1297.309786501
2320.289989272
1541.560928189
1818.503878547
-973.137866641
1688.078147521
-813.715658726
663.716422380
-2258.776504993
-2558.507967153
1378.991665311
-843.039384182
1736.241572297
-866.028771916
1299.862962326
1345.586665058
-1561.913013633
1896.899482951
1436.252511745
-1388.734863078
742.471966057
826.222191326
-1475.515498418
-1580.823233687
943.748450456
363.718167328
-1226.617504901
-363.718167328
363.718167328
-1018.285654054
1294.133628739
1550.840392463
473.434081380
1255.514449922
557.413613287
-1318.669025942
-1451.577343897
-812.698091475
-1151.668934541
1195.062805497
1614.939024230
768.127033116
920.819516283
-1430.533053292
973.978388727
883.917230724
-980.262771959
-2028.406184402
-626.367389419
-1301.654613301
1446.594486839
812.698091475
-1434.426371588
1684.898695110
1642.303406930
1619.060466059
-893.073362323
1791.936918620
-1541.611788209
1900.701544544
664.478165324
1910.059833779
-1749.462851768
1057.920957136
-2383.393410472
-1356.045316680
-1572.201608469
1785.175374533
2590.881782519
943.003440149
980.135904637
-2528.411237387
-1475.405077788
-1285.268793220
1170.812405394
-2178.095921886
1721.591718702
-1630.836307157
2168.549489768
1551.060752347
-2167.641275134
-1328.102476102
-2147.905283032
-1839.751701305
2195.788441078
-1792.665328105
-1698.660462621
-2072.160828523
2462.061235714
2545.320076107
-2632.459036174
1591.916936940
-1788.878413379
1847.412136640
1582.232142216
1314.619775385
1910.406607783
-2235.865267034
-1705.931391706
-1768.150587363
1310.245237258
-1842.744103950
-1291.698591525
-2972.878788576
1501.686201489
2065.236489186
2074.206203108
-1864.841849854
-1414.703901305
-1607.184959986
2055.136280933
2397.853920343
-1506.743776033
2162.124956933
2047.964981151
1369.931782748
1620.585012066
-2343.550701473
1682.786440763
2605.972319645
2540.007941273
1338.159138899
-1355.724917066
-1762.539702862
1688.970571501
2085.944776292
1413.902820508
1918.743436556
1104.140785405
1115.513777816
-2699.063996264
2356.134551507
-2117.031863797
-2110.629295107
2184.547406561
-1187.430785919
-1097.656937276
-1728.839275004
-1552.553228070
-2496.880356901
-1948.978489365
2199.044146767
-1029.276316559
-1516.098957970
-2008.444646680
1837.491724477
-1826.401825034
1461.428345096
-2067.124383789
1241.113408210
1057.392752059
-2087.178818308
-1421.731741959
1781.409047513
-2156.141926765
2100.534114319
1243.087514000
1971.478895927
1988.725526623
1428.966783299
-1800.782580483
1318.430554619
1394.797260114
-919.395425583
2221.510120945
-1463.977326145
-1340.382580771
-1601.123178958
1249.408371753
1955.834533871
1006.006379495
-922.520230884
1804.702811071
-1799.031853185
2038.526832228
-1282.566262147
1673.458663595
1589.653832092
1281.743628033
-1420.389293378
-1421.163434967
1855.754297156
1269.888480556
1058.193544719
402.579736001
-1057.537562295
1305.620955876
-2024.648442705
1391.750373217
-671.354247778
-962.356355023
-402.579736001
939.583794927
-1155.015059460
-1987.265529684
-1303.782412925
-671.354247778
-1147.415888757
-1002.379391386
-1994.575978865
2257.465400127
-1741.933401393
1797.948021130
-1642.794044318
-2089.654198744
978.061501453
-1439.296793031
2498.365370762
1764.172423614
-2293.559448601
707.364844345
-1056.011252187
-766.695050177
1003.969985867
1384.561087971
1250.773039246
2976.573545002
-1038.698693553
-1612.463542735
980.985882597
-1032.657524390
-1941.703753521
-1640.315093590
-1863.541609986
1412.057299110
1775.331776514
-1845.547123787
1646.240835618
2051.918833408
1663.918315398
-1508.022431631
-881.663581713
-1924.236778322
1658.382384319
-546.565567641
-2315.812374156
1547.578438696
-1430.801502527
-1199.537052488
1171.366263325
1828.968699801
546.565567641
-1865.805782080
-1161.770271167
-1020.864073184
1565.040867360
1438.575194641
-2519.426990672
-996.220558606
1017.669643054
968.617577449
1241.189530529
850.728125349
-1040.984853329
855.985549245
-1035.020955597
-1642.254054567
-1389.975783884
890.379844183
1038.992144917
624.980531712
1255.787900519
-921.505433173
994.382982514
798.689489757
-1369.581465231
900.779678256
-392.612676481
-1416.347567951
-1187.695064267
-1509.402743722
-541.760025994
-503.285740588
-1555.028750269
-857.758961613
620.831440105
828.616806551
1073.382388930
390.240938697
-340.963855296
666.063231810
-1242.949340054
627.304623746
665.601731260
139.974480542
-533.337543332
720.871427703
-782.538233648
-737.704282845
510.648430877
560.878876805
1484.705645778
-26.841476587
25.796183103
-26.841472266
-290.801147875
546.130480599
260.263648812
-1408.619470454
-333.093128594
-784.618169601
764.553921585
-201.531611816
154.912759606
-248.788678023
-312.211289543
493.829841925
-1005.336087912
901.863446484
1090.143737601
713.255419627
864.956609216
28.953226121
-693.042348177
381.399245730
-25.796184623
255.040567775
-117.173145962
583.024395171
-669.601379285
-155.510497558
323.297722185
1827.814972443
613.392292996
-491.222430103
900.946516395
26.297289442
544.158253410
561.385269892
238.861312173
-523.421544325
-1649.585938508
-26.841476587
161.077542694
1017.190521206
971.967907693
-457.103380722
1181.241957974
-311.077835342
-336.167725275
237.053923626
-1224.845399637
-1311.130948957
-181.969132214
-55.990959537
937.678932249
969.272096572
-431.214241634
1291.368735467
1014.193645120
557.477372280
583.052122565
1455.419903341
-427.072511153
229.466054536
520.335453724
656.401238229
870.719367303
-1034.115874781
-1485.174459949
-582.720957421
-646.641482502
849.278474366
-491.208030808
667.597926149
1404.221026283
990.648843038
610.801109284
1271.876707509
-1154.430332912
-369.126324049
-635.361713961
-675.412994555
495.947910012
-924.489642845
-291.741315592
-1004.222331563
1072.399167424
830.782310197
-708.672607600
741.863203543
593.055479265
502.424362484
964.758379402
-369.126324049
-487.812177070
-1461.720962284
558.599763385
597.382088865
1068.901949352
-1533.661064714
557.806971378
-620.203851725
-1181.703746207
724.180507335
-1346.945001017
1311.596927746
1061.001113676
1079.565122399
1408.848090013
867.299953454
-1233.931382071
-482.416240232
-1124.510534078
1503.511841063
1095.247802763
1036.788601383
-1219.943984214
1100.649291402
-693.107581695
-1988.714912102
1498.170814202
839.247610867
-899.180146004
1781.053152796
-1833.174260749
1127.985760854
741.252623910
-1104.357719165
1383.076509006
-670.367437487
1349.190201536
-1592.571496827
-980.932032771
1164.804172664
-1310.330707835
2456.345940440
949.560210298
1199.764099001
-2320.277615478
-1278.897398558
1400.047243231
1966.901872103
-2441.934394215
1052.472333841
1428.198594574
-2112.150623900
1341.060903488
-1822.990267550
1944.256101855
-1461.569368954
2112.501110674
1780.814298865
-1811.320059115
1392.128263916
-1006.339128455
1954.545370253
-1295.451340650
-2662.808999129
-1596.096650763
-1047.202168302
1375.107101547
1760.432462059
-1037.119880597
-1060.094915752
-1892.466610671
1091.162838716
1656.597748284
1197.875417465
671.643028405
-1750.407237703
-1050.048471749
-1237.161973494
501.087461266
971.020093705
866.956313294
-1175.961032134
-1248.334356501
733.229916649
-951.441066004
472.261402489
540.090718371
-952.196555839
1219.241410772
-591.965592776
541.570853810
-535.873741740
-1301.129779993
-599.524041510
1344.834785514
348.033123299
-601.318799278
-969.779543856
1091.586084593
613.727631893
243.913539748
-254.292434121
1194.334450269
1307.452988143
-751.997175969
209.714117433
-407.558348603
409.730872139
-1279.320060664
-411.641423112
-243.913508666
-189.814852610
-387.210609959
-369.907900608
-1177.417370146
1018.682412095
-357.943278104
-1133.511482027
-99.468131253
209.714117433
-595.220973128
1080.252478378
-408.663835966
292.729456117
1066.251967653
-99.468131253
-348.132216811
-976.313504972
-850.265096413
599.878740374
-749.100440279
834.804778040
1091.976709807
503.285477606
381.673604492
-1010.397511584
-429.571803250
696.316275373
-635.093582504
898.462351765
-1146.024693383
-1242.437833541
1164.202828069
-461.898947865
405.370146399
-885.349848945
754.148896865
955.461088218
-1320.896990544
-1061.513765557
1456.527466308
-594.778480897
-1564.769465010
611.747492699
1676.335385355
-1270.220275568
730.946447566
1908.960722291
1259.713557117
-578.786014824
-1145.989813234
481.257825634
-673.881914394
731.423268581
-727.470706885
780.012506931
751.519627536
-1853.071321179
-347.974761599
-624.158763154
-871.349190131
1294.155861291
1015.190512370
-1932.047386242
1138.175213883
-359.913378647
1237.773171484
1235.330932733
1310.106212547
-1409.634105679
-1286.607506299
1113.279202382
347.974768133
658.864037728
-1367.284203813
1137.448921346
-1271.406173062
-1153.379309485
-1115.629294355
700.894956546
-1028.081658076
973.613062792
-1332.499537958
580.840206540
-922.316122692
1665.222268125
-1171.679930511
955.978970460
2964.522510114
1789.455018364
1239.705758487
-1500.968103211
-1102.542822475
1832.198688513
-927.859774492
1537.150601841
1304.774457114
-1714.468667746
1418.534454978
1721.351564683
-1348.170362079
1272.458790678
2290.029046949
1772.638934884
1764.015843781
-1700.932099805
-2148.548822787
-1226.762354605
911.865655724
1913.615067479
-1323.854891017
1414.053045467
1743.685592383
1676.177029783
1340.214986690
-1821.325586883
-1880.275175662
-1778.255252570
1720.436292735
-1349.444329828
-1556.402363190
1491.174880256
2099.468267861
-1362.869778358
-1954.655274360
-1116.392167076
-1816.579806989
2095.595335776
-1652.776913118
-1249.309357995
1749.534311197
-1404.060118003
1417.643974196
822.099677117
1448.833124502
-1714.613665840
-1276.904273196
1863.927798729
-1647.299095058
-1469.617813147
894.594796688
1911.146069770
-992.490781445
1082.571027844
-1389.529706243
-1059.940901615
-1539.936924637
-751.006715407
1461.577225451
836.216679834
2209.141041589
1460.750647658
-1281.264255548
-760.822428504
699.830569698
-1605.548855430
-981.719804413
-1146.560281267
739.884679629
613.457816296
863.491686818
-840.957495825
1600.579237840
1417.049894689
1043.642636293
773.741850028
1504.512713270
646.985812300
-1314.196125232
-616.148836602
761.183990573
891.290632009
-1733.088458365
-522.723887641
498.632837590
-238.752868581
1021.321147955
385.355339509
502.117616543
773.699046514
472.929851147
1070.498842872
789.120816344
-913.993821536
352.925315211
-1110.786693589
585.010638149
1129.895419728
-841.488969074
855.022334649
1175.029027633
-674.414455577
-1228.080430706
-807.990490525
-495.443801025
443.581367827
1025.356349373
-938.096608723
945.254023683
-313.838231053
-969.274656948
300.740807020
-346.006850561
967.783866644
357.854891224
850.993598664
272.166977737
-872.311002263
348.977351604
-1.517732529
-929.267452068
-133.014406043
-530.395889040
1199.887433034
383.558326954
-372.251978824
-19.494018031
57.154790378
-280.226440918
217.245955957
1.517732552
-57.154790378
-167.671266477
-133.675932405
-422.863091273
-679.911166939
-131.356429841
1020.592531324
-304.423522044
-1.517732552
389.653876287
-764.504046417
-131.260389310
-288.473508632
-310.368692871
-213.485249929
-643.964889248
-1042.350358401
661.141816871
-287.807813456
1197.175084955
-1304.502555984
-476.030496023
1045.324127500
-647.485947779
-489.301127131
1527.560910826
-1265.383360673
-684.770492752
-1434.130273611
1243.394589627
-598.698638632
-1142.933368897
-780.970748552
-852.773910420
863.036643214
1183.978404333
-602.178063010
-802.550557786
616.522815550
1195.728807523
-1344.378925723
358.287494019
-447.344703101
1063.035194372
844.476114290
778.475332484
1550.211316790
-543.424071566
810.504879827
1341.056703707
-1276.790176106
1968.912825326
813.761760946
-1060.842331174
1170.714570200
-1329.880595752
-1356.645260305
-575.796445055
-1684.685021150
908.017972028
-900.771704699
1241.647278714
988.555095093
1304.311329902
1077.719821292
1770.613307324
1422.585732259
1373.430784191
1408.752476174
1676.104015461
1187.319333240
-1476.742379619
-1568.092421881
-2514.501576259
1620.513555940
-1972.494146152
-1326.040146833
-2382.420731142
2167.798856563
937.605530315
2275.889284501
1936.769404570
-1703.528898131
-1372.192440840
-1573.326019867
-1411.569912826
1377.915133686
1746.451284972
1795.165457235
-1367.332334524
1736.449816694
1825.225930600
-1770.031508346
-2528.646493629
2407.918023332
1568.308844933
1743.056299910
2403.077281910
2602.613569167
2309.937091870
-1824.749235483
-1833.265351809
-1554.750798392
2619.115820912
-3109.500841386
1655.792807656
1856.605157560
-1701.457173401
2397.315593807
2664.002854274
-1709.426875777
-2263.441787848
-1951.195995917
2700.219983351
-1679.209521008
-2666.551756220
2040.559340171
-2352.432507102
-2391.923724712
-2508.693647756
2956.550991859
1763.877065186
2944.554838406
2161.525497359
-2615.028023871
2080.782075448
2403.400728503
-2754.333483302
-2067.787936876
-2078.915082419
2532.226829775
1781.558810348
1875.420380982
-2727.061097084
-2499.802444315
2147.936531841
-2342.821242387
-2912.057603232
-1992.174664947
1853.708080256
-2088.680504525
-1941.256872186
1871.834176079
1754.051056944
-2824.469956549
-2898.737035127
1289.304511317
1665.242668650
-1919.767731054
-1650.916172246
-2822.619684918
-2537.524163450
1980.996585242
-1349.567669701
-1920.960415542
1815.416683161
-2436.064437397
2114.173843548
-2327.580402577
-2349.440901936
988.359488353
1783.777810256
-2755.933724963
-2237.079603398
-1530.780068703
1911.083824006
-1338.372038316
984.732248033
1733.914338206
-1898.232952469
2223.410187466
-1300.664675149
-2151.393402936
-1275.166993942
-2149.754956447
-1756.073067139
1982.588778357
1268.353705813
-966.978621370
-1646.778327394
1490.954093463
1420.260700123
1649.501363524
1623.347414056
-1301.594757888
-1775.305354978
1912.118163033
-910.538212774
455.610897414
-1462.385648664
1564.638772923
-1078.081051025
818.772169533
1657.635480449
-1694.221405976
455.610897414
-1192.797425948
-1981.657017327
1776.577211256
-1517.894796798
-1908.422692031
-948.412033197
-707.255834435
-1987.131884624
1386.593193863
-1147.406848719
-709.165047309
-1023.923949635
-1541.882942802
-1029.665455072
1229.014805506
-955.701027904
628.915733900
1227.528184175
1343.320575644
1014.933608457
-1641.738977159
1218.301073155
1410.915376995
-623.810544054
-912.774994275
-1571.031551652
775.639776479
-1481.222196214
-2056.457177335
840.700123026
-668.461232481
-657.795657377
-718.723767269
-987.199223866
1251.296058221
-675.820360881
-807.621163814
1299.535168906
-688.333220311
1413.244308016
-924.081345541
918.137631757
1197.332057135
709.195281424
1013.028447536
-1157.933726143
1212.134464947
-1028.305558185
1208.484671478
1474.546393233
718.508336275
-699.454366541
464.591641681
-712.645098586
-1217.941805167
-704.012785339
-933.673473737
129.103685845
-193.515846900
-628.875277366
-915.368767617
-830.206435203
697.962677879
-193.515846900
968.404635168
815.348870981
1406.795676740
-603.521260746
-465.603149190
932.758068186
-1651.668224041
-129.103685845
-801.976742265
193.515846900
355.526629776
488.501658425
783.531540601
309.665190210
-608.096468909
-787.196483003
-984.393661001
1494.682678285
-1581.574340282
-352.526068060
-1038.260114444
1219.950768628
-822.410845038
1370.103022017
437.570417283
1004.472741132
1091.916189546
-1458.818070954
553.417239630
812.138198639
-1758.731864742
-1344.899036481
510.868731970
-1070.433063868
1496.788307568
930.511243860
1137.018551121
471.164373814
-1356.333037621
1240.494459624
-1550.942876476
-939.576907452
-655.487287089
-515.049259724
1214.468963052
-1481.475860628
688.461454858
-1770.800122224
-576.890371296
639.527827524
721.370422942
1471.304711080
-1430.228911087
-1484.584655680
1460.513315743
720.906690734
1118.761509816
497.227158105
-890.275715208
1323.806174102
659.208020058
973.347777197
662.264065716
-1452.501021070
994.635960060
-1003.389770729
832.601307115
917.773319046
-1042.815327357
625.867093491
-1024.005583800
-528.375897569
1168.793768580
-1173.385449525
-665.697773977
-1304.276055076
-1726.338981252
-853.821145481
-589.924504396
-1319.258854136
-1276.129478417
-1407.435341269
-557.489730145
591.307627431
1044.209076408
469.052277870
-1426.664710027
999.621222683
-693.547476413
-1261.199533445
-628.525629712
-803.845433407
1584.332643290
-1271.760988436
-1643.536816481
-1816.709477258
557.489730145
-591.307627431
1526.247484174
784.504932777
-1554.567007790
-1462.351108049
717.880417673
-1416.043119106
1826.401257194
1794.135044163
-532.096299679
-1330.955608081
1319.017872628
718.003025874
827.272826461
1929.737800758
-1082.684261850
-444.780973731
-1461.169435929
-1516.799340301
-1830.429134421
1286.175911245
-1395.901752874
-984.384079781
-444.780973731
-1948.953453491
-1114.634740580
1530.402078709
1187.948003849
964.111031901
-947.629299639
519.432608427
1560.784552560
-1558.665441074
-786.991554505
-2086.656460437
1352.831200058
990.388578486
-1930.716316451
-1599.507927958
998.526001881
1057.874049786
-1235.154052793
-1511.058446305
1021.012923502
-851.659171293
1255.847358167
1966.039092344
1914.715880918
1232.021703814
-1309.812414982
-1231.652019325
955.084638058
3097.079379037
1880.078614283
1256.849642657
2018.110605252
-2457.745640679
-2021.908827502
-984.337204445
-1707.606444834
1365.228973805
1147.704158907
1642.164310656
1831.503109662
1335.344745561
-1082.726172715
1709.012420951
-1852.349840285
-1718.961664817
-1846.056482507
-1730.287216948
2289.997919624
-2348.629893598
-1570.268202089
-1368.440492791
2153.233195302
1915.839758243
1736.330973899
-1545.945786184
-2267.001278118
1895.766694201
-2042.845035491
2112.597751109
1576.038399916
-1287.037528354
-1622.266602529
-1480.058254178
-1551.230312397
1574.860721197
2230.597046097
1933.786369174
997.443470224
2564.535747983
-1851.688801600
2563.768461660
1152.084756950
2006.494191926
-1582.490875545
-1847.060349678
-2391.719386335
-1542.759769283
1415.786732203
2294.985696464
-1971.401567286
-2340.941398050
1558.480293881
1734.367598045
-1470.987302003
-1470.855124175
-1026.789633833
-1968.159785306
1365.859796197
1209.748479678
1807.567137386
-1548.030026885
-1415.786732203
1156.752342657
2044.609995161
1622.036764460
669.886749496
-1747.414142181
1801.275095136
1953.914088214
-652.031849403
2250.953533346
-1511.604202150
-633.445491615
2071.924852577
-1495.787567439
-1712.966500191
-1574.181012804
-2522.544271482
1738.655846224
-764.958976312
-1666.769101502
1864.521653468
1893.609568247
-941.948507134
-1561.062738223
1461.233539292
-633.445491615
1905.736121756
2635.581784231
2652.187657910
1177.213444762
-1886.628377370
1443.150877274
1235.797914795
-1421.851415784
1327.975661846
-2141.618577699
-1812.179740469
-2399.918994732
2442.814180067
-1378.728510241
-1926.055722164
1260.137052541
-1548.549156649
-768.970218545
-1121.745152266
-2022.660974777
-1560.785375612
1435.391795325
-1164.894442220
-2251.890379685
652.031849403
1289.575454418
1562.550596245
-1229.694426622
1832.601785100
-1295.872098769
-1580.514260188
1541.148989351
1670.366746413
-1247.534261138
1247.080382166
-1915.158742080
2148.523403555
2246.212465191
812.951513028
-1004.760927158
1511.124624818
-1935.922635055
-1736.168990847
-1256.679671891
-1973.879793420
1838.594311578
-1316.275522822
-1177.009110335
988.312468004
-1289.999537417
1060.924532600
-2207.349836770
1501.888578703
-1358.680620206
1530.694875030
-937.917211720
-1585.205260473
1361.919414783
2049.606453849
1905.166142897
963.069747200
-1905.592191479
-1519.531482587
1227.421404009
-1356.556993055
1891.130383787
2003.388493389
-1634.182639942
-1196.167664108
-977.270163262
-1734.744609401
-1261.896948040
-1197.306294076
-1859.865763334
1230.981600108
1084.219476078
1852.945588011
1003.377868296
1201.821763777
-2205.481954798
1601.236882083
1063.983460134
1326.517475307
1621.911017378
1312.242544160
2142.896354715
2579.066028939
-1169.879353613
-1139.333821417
1713.580163105
-672.824196551
-468.403909273
-1345.260416822
-1190.300080175
1215.551409915
-1129.153290395
-968.514851663
-675.583701674
827.072667672
1590.924938343
737.777027564
832.408848005
1179.385325612
412.192455140
887.632823695
-233.275327295
314.578749562
-785.367931384
-641.337032343
-412.747233924
623.525120307
482.900562080
233.275327295
-1205.168075283
-314.578749562
576.647197688
1278.387457595
412.192458430
314.578749562
-1632.870564137
1067.455220268
659.965901676
1515.342481144
1806.612804728
-1322.658067838
851.082885454
1489.653575688
-718.539762057
-1563.230862833
-574.266301444
1163.354788444
2082.595179418
-785.104963649
-1063.886308822
-440.959345361
-711.756685481
-1373.089595244
-1571.569605453
2558.203531394
868.966538013
1131.111237970
-764.707728649
-1028.895240964
-1292.636743171
-1470.934494444
-1176.043421637
-934.597776734
931.213833343
2209.137812026
-1682.930681629
1105.159662666
-1381.964191697
1455.926833580
-1222.127773750
-1338.771354195
1190.603863756
673.771251928
-1317.406689508
-1110.015301323
1468.514198052
892.565851526
-998.338712898
2255.621633149
-693.484074871
-1284.822916015
-980.381636972
-771.962023925
752.851621258
1301.162965491
1372.581326166
911.976542469
862.505887731
457.274984395
1206.650635763
-885.459952172
179.084193996
850.895174389
-548.779972297
671.335478449
1462.679264718
-486.226250072
684.707689813
179.082900567
973.313511709
-553.863110323
933.169552483
779.283384066
-609.598352118
1182.312796880
-571.921696581
-1160.631044527
988.226144491
-1136.913884247
-1199.968160243
858.210279975
-972.037122814
-396.535835471
1190.067967557
444.545160507
723.767528351
-918.747050222
971.547516320
-422.090308531
-610.105037338
-1098.696990905
432.763558616
205.097685762
-234.499583719
-1004.138366551
1570.012756900
816.262918531
326.538967266
-795.381917219
238.952669440
-229.634401691
-403.922404585
642.897360479
185.734006103
-992.448332758
-1250.591716822
1544.002117497
1077.864320285
1226.405172298
451.522154296
769.042997833
-386.925889177
554.099495124
-1959.445809611
1115.201747235
-574.671355579
-637.338529295
-229.644953598
-1409.460817974
-1477.605687424
-538.415813313
838.965045125
-360.860667515
917.122739249
-1075.330503793
-824.919615285
524.229826395
-812.827714634
1456.971055966
608.375938546
1994.493611684
942.065740478
-661.794417075
-1469.632762147
251.013827171
-324.002042091
-503.503606984
946.395717219
-524.749599717
1072.138628440
374.003512851
-746.745142247
-1033.969640100
-15.817351210
-15.817351210
-180.138798349
-710.490710914
304.163964902
-68.034962719
63.023966260
759.807762429
-456.505157178
22.253226000
963.449075565
-296.454672550
-862.534522814
-639.796735158
140.234059774
72.574858604
22.253226000
1504.871150782
-234.710012481
-15.817351210
-227.872321306
163.767882960
-541.653004964
514.236089409
-230.162985594
126.919153329
98.493784041
809.538194868
451.485914413
259.416523505
948.795347877
-414.569557882
-642.474127515
801.675943337
452.969517711
121.594352058
1399.830857390
-351.418922574
-483.549020881
535.940773988
1030.004066516
775.990631826
-1807.377897434
1151.393513632
-301.765770291
903.627765057
-904.586082133
446.858433621
-824.687457147
191.647558565
915.785950733
674.128406096
-741.940577068
266.437597728
-218.829061548
-884.017019126
1291.221815933
533.039257878
974.851661472
-864.965144984
1510.397467106
-1931.019928200
-538.698667974
1069.044408402
639.249931017
1073.589520576
710.156966640
502.806072670
1798.467424483
-1137.842752705
-1365.323969308
-725.438070208
1362.078652301
-837.188465967
-283.546720539
-1871.567926119
-324.934403424
420.610260763
1087.276881975
2055.931542009
-2472.182349367
-780.040623205
-1720.045399031
427.920056208
191.647559191
709.847382953
1194.045126030
1328.555144781
-597.169262908
-1226.271952016
992.480075446
-1478.307625731
1351.011054914
930.159038949
-1592.691616100
852.872376474
1289.023264888
-1449.023923786
-233.081339328
-967.082021741
984.996775248
-1873.346547301
959.796694047
-2397.528375116
1266.070010277
-1178.785749921
-1230.952638795
-1447.726257940
-1479.302230037
844.587748776
-922.204006082
-1106.934134400
615.854008205
-2058.630652504
765.422357243
-817.162904780
-1823.588389717
-1388.633373668
342.352514794
-967.401000319
-795.747215113
-715.200455363
760.579481664
980.481115702
-1078.467020749
1467.071838344
-690.718744050
-836.330617537
-733.555011719
-1355.098017391
-745.456053579
-739.912811065
-290.347181656
-865.331671429
608.534483793
472.701607700
610.843295686
887.966073225
1418.489645192
290.347181656
-1344.535541125
-524.002807897
-508.339314651
-687.018598159
1045.865180216
489.401793889
-408.092124898
781.069851777
509.267971265
-514.681346729
-1279.352473970
-560.679459355
-756.738415898
1271.978299718
-1266.320205866
-480.488307028
886.113534926
763.512286628
-1732.429025690
1028.372102592
-1070.234781602
-619.841658130
579.747980091
-577.750149913
-1847.778976706
-1537.875444091
-993.276178353
1125.069719357
1001.091274977
-255.302413376
254.668382845
-1056.221017884
-186.027856327
-532.495933307
-214.102235955
-334.818966698
123.157094128
-878.618179995
1619.499764183
347.074877966
-709.428775591
-354.781328488
-689.936132673
52.604941983
-893.141729065
90.670280765
-265.681132107
-1104.210831799
820.871420600
271.987857409
-846.676460918
1629.612965917
-638.968897878
-52.609812641
169.258778276
-254.064472639
413.746907663
715.264784298
805.932216842
193.882275005
-251.168785911
403.163433250
-684.977710956
-105.561998921
817.380002850
-1085.441162268
-370.997681444
-1374.102397618
52.609812641
-52.609812641
923.087894360
57.931902642
162.088421657
363.143378827
-662.576874480
-218.266735073
570.119154915
-989.671809983
-379.533103479
-455.749333970
681.117079126
1096.437165049
-389.011185713
-960.201773570
-404.110134545
986.190432855
333.371605742
-1133.252108660
-791.490109173
-886.818911449
-317.713867518
-479.982143091
-1565.300951534
549.191381434
-259.812179352
608.547592345
-896.276058505
-953.589414634
1395.572822610
849.174055555
797.043824926
414.284882785
-653.218662925
622.917433261
-1266.004659082
1834.232025555
-1813.031049477
-1587.395032227
-1427.089634350
-1781.052775233
-1561.778104595
-1352.521675767
1006.671571440
-1629.848556970
1639.271954731
708.716253955
-1268.734549113
1763.065257729
-1740.604086801
1826.211184379
-802.458783309
1075.901845252
-1802.452448339
-1513.760888649
-2020.879065654
-1748.814309686
1024.279552098
-1428.972402475
1985.821516200
1375.888384200
1354.101287466
-1077.913531406
1155.303729400
1378.242087329
1237.375701290
-1949.137767075
-1663.951707456
-1216.478030808
1237.625269025
-1339.661857497
1583.575185308
-1443.002117311
1212.742439596
1850.778795253
1094.192061789
914.477600284
951.224439089
-1880.543466206
-2431.561914365
-1133.143025718
1340.174180451
1396.195717254
-698.995055713
-1530.178954685
-1370.276507429
1913.715391337
-1324.556122544
1751.066378612
-936.625975894
-1002.298354904
1153.503082946
1288.984920872
-1174.896183759
-1130.918780617
-1061.546577688
1025.521480862
1984.954751591
927.721632391
754.067444351
1256.794899286
860.315730070
-945.273067104
-1053.462900938
552.365366690
522.639843651
-1159.144316999
1764.108302501
-567.171786231
764.270006192
805.811504935
823.160482998
1041.363494733
1039.656772483
1825.583101819
945.790709924
-642.938355022
1554.635723620
552.365366690
1006.906419029
-1235.047929514
-892.188863890
-1171.381212287
1525.812256038
1077.330530177
-730.583425444
-522.639843651
-1026.125137716
804.451950913
-694.798689128
-1087.154400290
1365.874426859
-1362.416662849
737.628690383
1279.662118511
1045.374041196
-1556.317650120
-1828.686976711
1511.832485227
-1562.086232896
-1582.279695091
-1370.360977792
-963.743703317
772.082264009
-944.953032033
842.759643071
1435.423939951
-960.679492390
1351.768355017
-1705.022872491
299.443823591
866.059152099
-668.571282296
-833.969744810
1364.454883421
-1329.104844415
-1271.559564628
-656.572354478
990.308428149
1050.789503169
724.439572766
-1122.599201148
928.655159573
-1769.542830608
1132.964356512
-1116.456277746
-929.705857071
845.040935307
614.644940440
-1103.643250729
-671.970233001
299.443816158
309.235763191
-719.356357277
499.152267128
-424.704859671
-1321.310520375
1415.062700673
869.277142722
782.370334422
244.211560384
319.406980664
-1250.905854788
-530.504701737
407.476679098
451.460354990
853.961036731
-724.278909741
1218.314595834
274.993261231
-697.147223137
-322.061871115
1109.069880720
309.235763191
1425.073722206
-613.601866043
-274.993261231
749.344739701
558.457969709
-311.253022652
-932.380496818
670.406846569
-394.939946670
697.397805724
591.729662638
-1340.835080300
851.591657171
-1422.215539624
-345.550617629
-783.002080880
482.484085823
-504.235805658
922.588085309
1145.305651691
564.519671775
-244.211560384
472.168879527
-1023.380159236
-1571.919112432
970.781798535
-573.121146522
981.380206456
1077.865339219
461.638228465
-420.334371637
335.666742747
-977.428085524
1231.637873209
1563.294271565
845.996716884
-1591.020853452
-875.282527137
-789.578927438
731.441083359
872.794952491
-917.279918245
-563.329873797
-1195.386477984
-1300.259323724
-904.134471116
-1607.727893634
974.968773747
-1277.074322996
947.775250475
1431.929058740
-1329.233264290
-1188.699391537
1685.236947988
-1071.691428344
-752.818868379
1572.880092697
1590.379349817
1640.943501659
-1135.207656400
1268.978014011
-925.064305625
540.115285471
823.000642274
908.402370126
-951.275161594
-1193.281851643
840.120036438
810.419578422
540.115285471
-521.152772551
2272.767184998
-1245.884855401
670.115580640
895.466429449
791.951199619
1459.736781095
521.152772551
932.855074634
-909.663725440
327.565330829
-365.708540574
1793.784346452
1020.846050945
-692.376920333
626.536534025
-834.408314124
-327.565330829
365.708540574
-566.871158684
-1044.544155368
950.299033650
-482.533570313
1484.110108163
631.221835192
610.218863055
1099.760440385
-1816.637297111
1386.718904862
518.704918956
-1760.396216568
1160.083972435
930.061416940
-1036.529326170
-668.329939146
-570.419248908
-1141.070543458
-660.441583332
-1191.961221030
-1180.212041721
925.532525009
-1423.698767054
994.599788160
349.031243972
298.060170897
1404.901935708
-1235.368359602
-1174.631778072
-593.789876251
-186.943412418
-494.321780289
-724.843134498
776.808761068
-1029.275847781
684.957192523
471.541472847
-1041.709832913
-730.400176647
-1121.850938461
-457.449362719
1306.189460222
111.503568658
600.806749525
-629.986386258
993.901638914
-115.246331292
1090.395395302
-433.031157308
-227.779668493
1188.340447983
-682.029632003
-198.593019629
57.325520812
-346.119509951
-42.539262768
-488.822485119
375.346268011
552.344702228
-865.245087521
96.754492263
-744.733366292
-1353.006698519
-1660.099942587
42.539262389
-335.950091587
444.400700849
-73.016375151
449.710206720
-376.150501105
-520.495485246
-66.871618546
273.062192566
-42.539262389
463.493992376
-1118.844762153
1352.820479630
-163.856764853
-525.641240215
-907.874866145
531.756509256
-683.727509184
-718.198404927
-1218.415489250
-546.822136902
-968.139353824
-873.314078131
589.722576070
-668.303892601
1427.316982533
-1517.358370058
42.539262768
-998.068450850
1148.743691123
900.757891531
-443.505524950
-1305.646261739
-1225.490109616
961.436657910
1356.811942129
1333.693700015
-1313.587014649
976.723659241
1503.323773864
-1743.365664494
1527.117263221
1727.682450688
-1017.356179515
1456.238493017
-676.697192651
-1017.293932189
-1077.626515741
-1774.950523483
-2341.910929996
1969.854258589
1187.301552193
-1310.910478663
-867.647651160
1308.995948588
-1296.369581330
-1275.632246969
-1013.727665757
1894.016971255
1300.267608056
-1876.889976091
-1746.223846079
1393.408781409
1835.623532605
-1894.177193874
-1586.165713219
1882.952911104
1096.721625022
2073.485241745
-1907.167582762
1369.127458384
-1628.030563814
1369.439080746
1569.450043178
672.250286236
1867.198397748
-1355.964028631
-1752.710012107
1784.313003156
-1399.708598634
1796.985059183
993.552894574
2171.113830969
1465.411250696
-2196.189328350
1442.060109048
2595.147133471
-2608.762359258
515.838694100
1746.649105980
1651.943924283
-2377.198364192
1629.210755005
-2039.454700418
2024.272073300
103.951573757
-2231.789082913
1569.742568462
1528.003626014
-1960.238337503
-1698.922960041
-1449.734858289
-103.951573757
-2434.916253876
2134.171061640
-1935.790589590
1126.086357892
1722.955614878
2275.954150209
-485.156889937
-1486.205703542
2004.809664349
-2605.600130400
-1501.537910142
-1465.626759003
-2505.684755685
1148.225795921
1391.853239043
-2212.024913770
1679.238766866
-1079.275483461
-1715.578736649
1145.659427628
943.481375969
1557.215745472
-2564.606296336
1825.489068948
-1079.275483461
1708.775291519
1316.404387474
-1578.807246054
-1470.212049299
-2720.159334253
-1450.118349597
-1408.383622082
-2264.666721048
-1936.091135006
-1514.630544316
1399.695815386
-2225.386662173
-1450.118244800
1658.052716653
-2304.432438776
2252.024758171
1850.435954665
-1172.719595838
1530.820048773
-1533.418404252
1279.900377137
1966.802376898
1488.516977816
-1000.681183113
-1151.512716725
1824.154644187
1925.345331996
-1714.905689472
-2281.021615856
1651.784648368
1051.626709071
-1151.512716726
-1555.782154782
-2413.180240860
-1577.637989992
-1423.862302482
1829.099050374
-1975.076010948
1736.329998555
-1297.504630552
1830.908095345
-1652.666506634
-1730.400576613
2077.659129058
1179.517963919
-1562.216325771
-1784.392132102
-1527.508192763
-1551.632102574
-2706.435378149
1811.523949823
1972.538981334
-1449.826291808
1939.272765705
2279.380436907
2226.812303521
-1228.355597010
2114.151541614
-1273.843050308
1480.987761195
-1112.993656623
2227.283197150
-1931.944935620
-1547.495645553
1801.899991272
-1793.858259506
-1989.166770667
-1048.387981731
-1981.127187666
-1434.408387748
-1282.949700879
-1597.836171290
-1948.268098958
2506.923777384
1339.791933474
-2668.307377925
-1394.396138227
1616.205694515
715.503003287
1426.575119764
-1495.623681280
1510.551438470
-1730.155330041
-965.032213387
1128.134409239
-1663.857628958
-1083.619542289
-1151.981681288
-2004.210321552
1288.785906055
1446.871931060
-2199.142993244
-1294.785112668
1024.645342142
-1562.732285199
982.919227746
-958.541126811
-668.807502262
1122.008639037
803.149605425
1326.189718352
1767.711700136
-1036.363857707
909.597434058
-668.809014444
1228.225455872
1276.101889207
-1014.129838172
939.269079761
1442.326793689
843.225928499
634.729989668
-1418.354182758
-492.486578266
600.927504480
600.927512010
1313.255563296
-734.015121056
-841.149263502
-600.927512010
-492.486578266
627.167594457
1131.295242162
1205.051376432
-895.321090575
1012.600839855
-950.925080223
-526.630580284
979.632176887
752.317791316
1371.639903183
-1432.142831364
-572.091793114
1690.430525678
950.494697996
-1126.335220414
636.529333864
-961.009372172
-1145.683412102
572.091793114
1415.598948834
613.975315808
972.373458483
-1443.721826241
-943.876160226
-1513.328753550
1482.150592631
-1409.719698939
902.133463806
1234.202598791
1395.494495436
1565.758869620
1799.741622715
1573.704658428
-1162.334840184
830.283348644
-1330.730208730
-1191.434534714
2057.903691754
1937.879792170
1422.732750264
-940.248684800
1454.290306582
-1508.817553101
2048.480225543
1207.093443282
-1617.384476803
-1948.434196399
1290.927481558
-1106.572644799
-1812.189286200
-2245.285788670
-1799.705056356
-1924.840204267
2235.558688504
1737.797272111
-2117.748432286
1517.794017322
1982.103176992
-2112.284027570
2223.300986507
-2639.772933042
-1916.324520047
1382.618105986
-2367.775909585
-2377.310059333
-1818.421546324
-2114.340940806
-2094.724472175
2291.223497733
1186.442123168
-1737.845773582
-2008.953418443
1943.116428510
-1986.219019037
1803.646471310
-1981.259985802
-1895.125152309
-1810.162440163
-1973.175830576
-2320.132598678
-2018.723135561
-2140.710144709
1608.689313729
1641.399710550
2832.603956454
-2105.336248484
-2831.597534975
-1555.345251027
-2661.073934614
-2332.663659432
-1575.505998967
-1594.617941413
1538.657498375
-2812.057185910
2183.080804138
1867.232680402
-1379.830209250
-1768.922445943
1594.617941413
1996.674371269
-2139.298970217
-1917.191794422
1652.327415308
-2034.000737249
-1698.659599505
-2325.432768814
1902.676974954
2054.426640084
1242.779374945
-2134.229124141
-2420.996636364
1424.373234914
1961.557505190
1702.407187092
-1713.088287953
1692.371213614
-1636.594805678
-1807.794152880
-1837.341554115
-1440.566788125
1382.337110089
-1729.606621068
-762.585238240
-1170.188384866
-1405.683997533
1484.271422210
1782.135985864
-1650.010683616
-1644.371367467
-885.277988806
-1927.578783105
-1263.920520258
-1531.828049685
1678.068890243
1489.177960544
-1528.888561937
1034.585453848
-2440.562794699
1537.854109987
1654.795089411
1708.381039093
-1353.158224288
1467.976383109
-1648.492013183
1644.290390678
885.167481833
1054.641456761
2066.102802969
1210.929798605
-1059.115517459
-1406.134511568
1362.617311899
1462.170619991
1595.734507284
2022.344655248
-829.056529507
1060.674802142
-762.585238240
1193.389560787
-1096.197339429
1957.164000669
1021.589930057
-1206.433419045
765.228549245
1434.938055392
1028.318940159
-1238.922619002
571.257186025
1006.963497722
-1295.903725686
-1042.321210625
-980.106878006
1082.505711861
766.404523686
477.787660084
-1367.393541607
1351.306717003
1159.848573912
-1065.639864492
-703.587703237
-614.358187412
-477.787660084
-1147.989767296
1587.148105562
-1852.582704239
1612.977544944
757.418906723
-1114.095589369
-1100.150167700
-1113.390396709
1290.616826934
-1315.039531491
-880.285966329
-1455.670622529
-1118.772308036
-950.990970135
1988.978682450
1747.572709115
1290.250468001
-1583.188615744
-1761.090900912
-661.270177372
1570.475729943
-1873.215031651
-980.936036885
-1260.699095992
1099.602823557
-714.901757165
776.414023725
-423.567225741
966.982752924
778.667972464
1968.017244148
-666.705313575
-1357.015180085
403.911428944
374.481137123
-1371.264180977
-907.598306103
1243.021318262
-1510.659538358
-1415.735222104
-1695.707297714
-1410.403376176
942.361610801
-954.007243854
-1615.150157534
670.904509200
1205.109857792
-578.287565063
-357.459548303
-1423.346706476
-1034.076824226
1233.964823732
695.817662284
1058.269926533
-1466.898495601
-351.559348580
-1019.014074336
-230.313820219
332.499765768
909.554860049
-787.531175133
1593.677349468
-494.850891454
-530.394147694
-190.319209133
217.699496862
-675.897674421
-281.244863398
-407.617740122
-268.991311303
143.840179394
612.410303652
199.596559243
-467.851094813
58.643043211
1017.023801644
382.551406856
-824.644195642
-191.529082201
1423.433569156
1013.419945574
58.643043211
1278.426626655
-324.947707203
-895.681982568
-759.641381381
-750.209644447
-965.333724153
-555.238127689
361.884211230
765.406206850
-565.606341506
-382.987273822
143.840179394
-85.149000828
-592.696429119
619.058183311
947.124519432
485.629998243
-727.745777797
-612.136614206
-217.349565004
328.490394842
-969.529697600
-577.245328387
-1440.039221503
-85.149000828
-298.271286716
-609.839529406
651.939053095
-888.935479340
894.179477079
951.790042200
535.503927221
1671.009558350
-802.042687178
1022.916394111
-708.681756471
-695.437070415
1342.471079486
-1164.948210934
796.566133492
871.813910144
-1875.644681062
-1496.129260035
1317.002443030
-1385.673586403
-772.646544268
-362.193217372
853.613881683
1587.091080265
-545.709096727
-1282.326211705
-1465.979807535
-1983.243388072
-1040.049644320
2064.552287280
-1214.725360849
860.269721898
-1357.168802443
1431.839931740
-1099.434597229
735.081447528
-1233.004440715
1035.924697772
1887.777448297
972.890627112
1353.599153494
1029.203773746
1264.457635750
-930.019335604
1340.914542310
-1532.340659840
-1202.416472032
-1495.258892364
-1691.209667182
-2281.612856225
1090.422589906
1031.618258385
1492.379102129
-1892.286727765
1884.521185752
1615.532669960
1870.500034792
1019.207885470
1620.410429399
-1751.510619329
1175.745835350
-1078.424756264
-1828.276746916
-1263.245170308
-1852.839133253
-2003.196152501
1691.326784683
1195.034926725
934.511699411
-2049.565449735
959.718858331
1202.663587227
-1448.936934176
-1034.513394361
-1247.334460163
-1399.399196874
1862.434792548
-749.433644864
-859.478848047
1536.204788186
1077.393170655
-755.705944104
813.373069879
-1769.084631261
-1331.645420138
1641.060565971
994.915732473
-1553.789915988
-755.705944104
-1286.185518694
1130.113356801
430.666607256
813.373069881
-1316.862881763
-1281.818617553
-924.541160545
1074.484681853
-1189.902580167
-430.666607256
-879.725956389
-1249.294342734
1386.213592160
1222.327455805
1495.588573398
-1385.379164018
1093.558200955
-1065.910847408
1171.729141900
1349.916659964
-808.543265689
-1240.535717317
1182.644725299
1569.640323536
1115.520280703
-896.261122504
-1460.768191593
-1466.437810029
1833.683946997
1209.432629835
-947.252757444
1116.546144248
-1673.769069095
1610.535231923
1270.524572800
873.822099267
627.156705152
-1505.679745861
1149.716838620
-959.499536333
-1541.488909972
-1322.597706894
1263.083065007
-986.154072226
-1810.324676580
-987.747897600
556.625960538
1902.979930188
-1113.582555158
1327.163895098
-1601.138248410
-1686.205423129
1369.309978332
-1472.912638773
1622.906562780
897.412995703
-1781.655539226
686.328424240
1672.278550055
-1243.560855465
-788.701731860
1355.475424997
821.486589051
-1657.794058137
698.197244521
1118.271085592
2196.540287972
1199.740257835
531.351702887
1301.063753878
767.042404570
-918.160359796
-1038.635200402
-1926.927014189
-1091.834037586
-1262.812401723
1333.903280014
370.963982841
1104.302065410
924.227411853
-889.162127689
686.268079496
1205.056234417
-989.243246845
975.459574319
684.812374704
-456.478498810
528.064756892
159.132654809
340.391208344
915.487636454
1210.977034705
-360.866806552
-215.210864735
-44.121275854
-1146.000225806
-586.363724574
-793.850811683
186.617164390
-53.162557710
-419.209428263
1270.300231615
-53.162557710
-157.497191816
-108.808617777
-733.813353430
798.693340626
-1087.498676720
44.121157442
344.509047815
-390.509417205
-682.293904596
108.808617777
-556.271570692
-609.082978137
1080.161221434
-100.921718970
-1514.854913220
957.858220423
600.890254477
-792.209570370
466.292920405
638.800844241
-614.566822968
1555.471243722
926.899369488
-860.349560140
-252.914542337
688.273694757
1046.003592170
-1005.648896880
847.166308793
812.142411560
1393.579263695
-296.655089609
1731.791015703
771.875518812
-892.662374687
1302.367325923
1135.457502796
-1716.240516651
-573.576888760
-575.796353501
-1661.134930507
1353.710408989
1005.707959421
-958.411046805
-1009.882129626
913.872510658
-1230.268140504
1390.525397479
-934.026143041
651.061511496
-1090.156803591
-790.424126685
1342.288844523
-651.202856567
1604.042117099
770.725902459
776.106841558
1892.510417671
906.836624105
-123.803200258
-1073.744420789
705.976405120
-718.275535402
1041.834440045
-815.644120022
-907.441900374
-123.803200258
-1896.374591340
812.724439950
779.807560008
-1114.350898924
-1108.578684321
700.280001691
-1017.464439696
1027.700931742
1099.521033942
1139.832938424
-996.198022834
1148.001627463
-910.092148642
816.364058204
-785.316044544
-827.368401535
-1151.169070936
825.372027823
941.008575837
-998.987842166
-652.704391892
-1650.426590499
1592.632289824
928.610824707
700.279980032
1267.527880743
-711.020081792
-1323.307779580
1649.961607280
1344.600747419
-1769.831615375
2016.805568172
1728.677310371
1403.149368745
1717.266235028
1347.153953566
1444.690091465
-1149.947997431
976.444203280
1143.851672416
-1536.436803017
-1389.258537163
-1518.815024047
1275.636270517
-1239.784219353
1689.618624105
1255.660798172
960.245509445
-1434.008190177
-1361.286050622
-1338.239216575
-1471.640265827
-1029.675771532
687.105984653
727.250403411
1624.741190588
972.646392685
-752.409515432
-1606.175436245
903.345689155
-1003.050878000
-1288.097192673
1016.467333484
935.129447160
-724.061561171
-1329.654496441
1572.798648352
875.581689587
840.490043759
-2213.709039285
1048.465350832
1344.270180245
-704.896057697
-1436.197425100
-581.555125406
-1111.714887356
-1111.834424269
800.561723150
837.389896874
-487.313014851
-621.541965119
-395.641695079
-713.676609145
-394.265556236
224.956500285
519.696159364
1171.630936853
298.357033246
-385.012624686
631.744815778
-256.869398040
-762.936031504
-614.445288363
972.708905573
-223.471827572
11.764503230
357.078816218
-449.730885895
-655.691546244
-314.103267536
-40.573304263
-357.667695153
260.836216556
-11.764503230
-1143.880040635
891.849974076
633.068218024
-11.764503230
316.698268161
1087.950355575
183.343820300
-1262.419034163
-1097.145373618
1158.747232011
-704.621950103
1960.343184189
-840.014870853
-539.925247995
640.149957724
932.364411299
986.649748165
-897.804497209
389.618089678
-434.227531310
739.110647375
358.900084227
-625.699483607
910.251277377
-1785.992296915
-1295.294406243
2014.936667697
-262.450621237
1055.346100450
1499.618130639
702.742319311
1456.245820033
-865.182005739
-418.408219215
-1018.945855091
990.058193542
-1399.339070744
-1625.601950809
-275.345593434
-745.486115168
-774.158381903
439.642351727
594.573477491
883.857044682
583.488316867
-660.753674651
1230.969812128
-181.928702841
515.950792949
572.573777539
533.024282873
976.790556838
818.727537946
370.816682664
-885.686553831
23.715309147
-260.692219416
575.452546606
795.738054135
392.562361378
393.247275393
-429.324665397
526.414137136
465.097224662
-1220.354615066
-1051.212803639
561.137150169
-217.436437386
-427.289182525
-47.052323062
1023.089122591
505.378461981
217.438289565
-471.678429613
561.417106616
-181.928702841
1157.780474636
788.467065726
-402.108520651
1055.871773733
-594.533414101
-733.667499441
845.593574476
343.157248008
378.185961273
811.268609972
-921.640221919
1044.437347558
-1134.011106277
907.558445742
285.744584270
1410.155281079
1043.227238557
560.700066579
-261.418293655
-1379.658124058
-871.878353495
-474.713483331
-767.076212014
-833.344250517
1122.599818788
562.461123323
-770.999596379
-981.402344011
-23.715309147
1270.919881878
1160.687038204
-1106.106817091
-701.126460120
-717.662110046
818.252408719
647.135506914
-498.444287369
723.656726423
-733.287065707
1349.468650838
986.700385373
-351.699198653
-1036.018460419
824.349860941
402.816279831
402.816279831
351.725280473
-780.003775406
498.963512608
734.061569709
787.392727610
-1452.519052648
-1554.478371030
-790.558993760
611.269888752
-757.607368820
607.400446628
1848.167743453
1077.530643704
-1339.174225632
866.636241694
-1748.305769639
-1803.490949448
298.357860207
1607.071230414
-848.837183648
1814.957292639
-904.500846581
536.407849572
-664.753102188
-730.377774259
-956.366299293
-1448.165955789
1327.978532234
1279.059081673
-1703.618047035
-692.548965331
1467.513749657
1504.132602744
1387.255525644
1549.529175460
1707.315564257
1569.169238997
-1269.040094760
1620.586869159
1090.728357210
-1216.801132096
2411.135235421
1943.075808355
998.021337110
1101.414549612
1177.434692523
-1933.091946502
1948.591180306
-1054.186565096
-1735.494412812
1226.381653550
-2305.591870655
1205.918649279
-1490.074092080
-1456.870466130
1810.797405360
1875.378514302
2354.260038520
1980.793488348
1433.398475792
-1243.753868163
-1589.692084484
-1315.493784435
-1434.483859755
-1500.284883490
-1335.515701888
-1724.934217964
980.312658046
1566.292073135
-1264.868780878
-1360.061550219
1382.523570502
1321.379650277
866.428158446
792.424924895
-1459.027188445
1847.136077295
-1568.906786259
-1030.534673464
-473.600136833
1133.350325349
718.656715229
930.651314840
-1719.622014077
-829.193428703
716.836768702
-1218.908675166
584.329321629
-1098.850920197
-1867.040155108
-1229.601807584
-739.739583443
792.969612643
415.899573241
919.122008370
-871.444038586
1158.418509172
884.677303311
-464.094035432
-400.749961753
1088.971752187
1806.808001908
490.346688095
-672.031484714
-400.749961753
-464.094035434
687.045100403
292.269515423
1037.630313278
891.662830400
763.041542795
-1131.534391738
1529.890012027
1085.033920516
292.269515423
-499.886720161
-784.279411619
481.704756953
-595.996369345
-1031.584190964
-704.293125298
-655.837406392
-484.259833781
-1390.969048362
-770.368186226
699.861580283
795.014256519
-908.684847729
1264.378010892
690.251558106
-1290.984233427
1516.409952090
-1961.313432175
-784.479146990
-1767.271187225
1924.951261598
1152.370367513
1743.250793312
1090.561413408
-397.899910701
-734.544923383
1568.695512539
-919.001759245
-485.004836901
499.061759480
-1243.262104324
449.041001332
-675.803507360
1506.483779603
-976.578954317
-598.158990369
615.504408174
1183.787385421
499.147683269
1510.715272533
-421.850410079
-346.885634917
398.855146629
-231.142283300
858.579351297
361.167839209
-994.498304027
-1251.685084250
295.739660483
122.508926213
993.662062326
-122.508926213
266.202830982
-415.975186170
-231.142283299
-251.812622255
-488.769280004
1057.165141176
814.980616585
689.945803680
345.958519815
-721.144348461
-261.631010776
304.655340134
1751.565280153
-360.781105486
-122.508926213
-569.909495257
-864.501470938
869.283377397
1269.913717121
707.239613800
301.255693888
-563.752272394
631.891316290
1203.563759706
-401.047165715
575.429040256
941.956943658
579.044184294
-430.403472688
-759.701485050
-601.920564589
-1395.811619297
-1384.900086688
910.127595692
382.551282406
707.051935106
-498.608024089
1036.558568227
-340.286530265
724.272321107
-702.964896751
157.898745403
-528.817384407
1310.796734641
607.273798285
-1111.703446809
815.807623610
991.602619173
-595.132430426
1467.089627921
-732.490144688
1166.068150411
1807.293096079
567.266513955
1108.000687324
-949.089328376
1402.978290825
-1080.510603906
1269.619259229
1221.481838025
839.184819938
2072.786443455
-711.991457629
-967.482040343
-1399.195487681
-1029.613744541
1087.815086574
-736.853897659
-986.562068244
817.291945589
2140.878611147
1750.448199090
1282.172069196
-308.223056909
-818.322284187
1349.411585135
1163.856318816
1529.242895462
-1124.897454386
-1065.010073118
459.970974976
1559.630413660
-1867.425837963
1731.859875504
1849.472767181
-1078.575261105
1434.947786557
-782.171437909
231.553253513
1680.379023612
-1756.383408153
-985.547893559
726.316411183
-953.659469379
1033.277868558
611.231801237
-964.449525568
1028.788478797
1188.021555439
-641.204322607
-874.023774687
-581.459369933
-577.625188228
-1057.155192159
-1404.980786700
-1025.228601956
1402.000327606
2311.507046639
96.235358237
96.235358237
-1464.917444536
-1732.315522286
-1602.908858273
96.235358237
-1141.672896151
-643.335018197
599.709195464
1329.952707521
-1211.550531247
-1162.411198643
-715.139536202
1038.237838474
458.186629003
-2089.144794975
-1496.567344412
1668.162411485
1360.889620783
1336.641551249
1314.276929052
-1303.763804583
1395.828654715
1760.562776830
-1703.300188920
1057.331120028
876.869152926
1742.077158116
-1211.539813991
645.364218308
-1161.061572929
-1453.334862942
947.094073010
488.042613258
1902.848984507
922.722053538
-500.037822699
2177.281939679
1120.427332982
1922.878488780
-522.429090658
2112.829509896
762.835136370
-1466.374081200
-1989.519205732
1862.889626755
1648.056345688
1319.535322708
880.162589081
789.033667004
-1001.215440077
-2218.282097256
2691.488484537
1149.771996633
-1218.514744522
880.162589081
1114.615412419
1717.505459739
2221.117367026
1776.624902658
-1757.178832099
1273.926284093
1886.019976191
1053.808070564
-1577.272353394
-1902.302584286
-2889.085989171
-1676.871776723
1253.461274027
-1497.193228918
1805.295835031
1811.002598444
-3017.779230001
-2258.226500676
-1277.936749749
-1724.986961334
-2452.142867719
1733.755809344
-1992.237444091
-1698.727306211
-2400.889986350
1403.534239260
-1278.927335936
1537.127403887
-1405.755369644
-1755.863541577
1825.054946498
-2025.761132339
1762.336213073
1811.547325692
1890.998279172
-2025.318197973
-2381.502842770
1446.386192495
2218.060424727
2011.269544179
-1455.574061368
-1723.926423523
1361.548453593
1726.298353952
1920.317160049
-2561.533609426
1798.343979146
1707.947311173
1538.586818563
1494.739938903
1263.163458196
1317.214294097
-1810.071138606
-2176.395058471
1398.667358588
-2003.534226816
-2583.597238557
1261.887912379
1763.403792470
1733.060826622
-2122.276074746
1633.808939616
-1389.020442199
2234.944303899
-845.348278065
1309.297537974
2527.561228971
-1201.570332306
-1967.621600299
-1405.594622088
-1165.389529094
-984.236743290
-1172.257683925
1289.124225498
-1341.426144971
883.897979954
-669.340832731
-1829.598455552
-721.898869498
-908.493268535
-1045.653475849
2098.483947619
-1521.294272544
-1203.701013442
-1046.722901736
1182.155738258
1792.193645288
1086.356917925
-1391.135610841
-1063.757102349
-669.340832731
-1513.695889992
-1064.680685584
811.182689934
2205.555811581
-2012.865185533
-1586.147816310
-1704.970414912
-1402.390837520
-1077.022215567
-604.646915832
-1016.895941343
-771.725105309
-607.135902045
902.831428006
-987.481446837
1861.008215986
1424.423735699
-1343.168349297
-1118.413137336
537.905993314
1467.566016651
-561.295794720
583.382112569
-674.083333828
-1403.134001804
-1671.814657826
1195.255587757
762.109035886
-746.672424571
1027.410681193
578.645860171
1180.945355069
524.866171224
-57.543632720
1246.061615118
412.933864073
-499.027837080
986.528393240
652.501920382
714.351983144
-57.543632720
844.312120190
412.933864073
724.580923254
783.960469707
-1040.176399097
820.274459998
196.378458160
1296.999243070
519.595810651
-1871.036040243
-1194.568882502
-1307.678654095
-524.866171224
-322.709284796
-1216.803739056
-816.342380843
-487.966313360
-1270.875184793
-2099.810023006
-1104.435290718
-530.713574906
-837.574199920
-933.954209542
-1147.496567978
-1501.225697288
970.931151385
-1126.982083372
406.625962186
-1133.949478866
-1574.846586728
751.470783648
-1636.066159982
2347.753574754
968.429455468
816.812291038
-1461.197252985
-824.435015070
-1735.914944165
1450.315147959
1259.505847706
-1243.983718394
-1112.585525038
-1192.002645907
-1583.376751370
-1812.411645534
1321.771650483
1421.370692033
1431.799435911
-897.859880309
1188.849812538
1565.411107691
1443.011839073
2202.779011576
2169.268952594
-1009.302655707
584.905644259
1415.205397152
-1069.120631117
-2255.063558135
-2387.407817647
-1792.238899030
1315.658348946
470.629700090
-1864.073275358
1012.295627702
-1943.463354304
988.763739691
-1657.655863313
-845.670766983
-632.025250955
1240.070162367
-1704.357222028
2142.428686992
-1156.634237143
1529.697567666
1889.223799037
1142.995217851
1398.748558960
1619.524055651
1568.388038098
1113.673975960
-1442.179805307
-1457.147026326
-1652.161087347
-1817.636197160
-1390.074197635
1713.150151573
1330.525433994
1284.600882118
2023.283471843
748.957620517
-1443.118005510
-1997.029452914
-1912.903853634
-1288.137369131
2313.437159536
1751.761268427
1227.385743302
-1498.756241923
1493.757548486
-1833.547525203
1804.804001822
1056.073795517
-1704.126762161
2416.792626481
1280.528887664
-1140.144100669
1815.865827500
-1608.118621897
1500.374955219
1661.247936089
2025.250782562
1589.970541720
1225.503217052
1901.853134295
1464.453351370
1056.073795517
-1708.292150707
-1255.674536685
1703.283662734
1140.144100669
-2897.830707363
1944.409546951
1321.048379791
-1527.400284997
2438.618157658
2537.768806748
-1496.458865976
1814.762722376
1619.184911163
-1795.749685372
1879.508129027
-2321.833144403
1990.946924066
1356.561281944
-2530.964121246
-1475.522617920
2010.180391011
-2441.151346872
-1703.963041754
1773.200905118
1712.001933258
2844.570416567
-2278.554820972
-2165.542790177
-1784.524519877
-1817.466922664
1779.206000310
-2134.358544959
2210.651385479
-1580.758006671
1591.669904436
2149.901017897
1271.557769708
-1547.616531088
1394.380359844
2808.839457237
-1817.458712307
2407.831783316
-1791.583605522
-1135.961373231
2328.110583242
2382.980453938
-2941.059513494
1617.676877189
-2330.000194370
-1702.001561065
-1977.987513099
1936.195697816
-1907.328150762
2330.791542882
1873.675213106
1888.528476660
1754.874231778
-1343.241124879
1737.126931250
-1629.779686333
-2250.730566991
1854.494165139
-1689.181603297
-1402.378529579
1773.028990684
-2858.530851939
-1622.703160857
-1681.174129012
-1449.854646730
1496.788308547
-1402.378529579
-1256.291003008
-1756.333990491
-2062.791703928
2350.400215281
-1362.766079231
1937.099036803
-1627.389270191
1907.826546220
1635.327429596
1698.102190643
1497.161829964
1648.753383794
-2631.022800390
1711.037460830
658.177364076
2056.165395441
-1941.754204034
2095.842859088
2073.371889061
-2211.910868931
1364.499367336
-658.177364076
2315.427625077
-2662.275087105
-2261.235946629
-1366.751078188
-2176.992475098
2249.045420799
-1032.633277421
-2978.376970574
-1678.015680961
1821.926555770
1996.844932058
1757.053444423
1480.298890544
-977.271716420
1878.770856595
-1671.297042208
-2232.898009906
-870.414113504
-1871.602252554
1696.560819156
1126.113625848
1614.230753729
-1595.171229372
-2089.613729798
-1232.888674294
-1252.768565491
-1038.746986729
2436.863252217
-1487.644627327
1375.607262754
-2259.822135001
-1439.531701574
1976.939685240
1250.953440897
-1191.229740205
-1477.803293318
-1221.277222208
-1804.170820448
805.164911485
-1242.274894907
1133.400928961
-1278.565209420
1534.165750144
1873.064545389
-1346.806949370
795.341035467
-845.484861675
1719.566820022
-1504.945506508
1288.901268637
-1217.495803546
-817.007949015
1655.662042604
1183.358473976
1289.765767211
1190.393358384
-1639.059671546
1529.559749255
-1081.145611972
218.116747561
-1362.698583941
-1447.379025749
-1615.777343526
-1374.450009105
913.358743069
1430.639650377
-1046.671179279
1240.379488398
354.035616217
-853.719687828
1105.064299026
1061.550219082
673.640365474
-842.426011000
344.127951923
-446.841949601
752.737446934
810.653353959
405.566638932
-1043.958954330
-1255.895814389
1813.291459139
218.121258177
-160.810597940
-313.669654784
-717.952834650
10.742960337
220.996680600
628.620787846
586.246279649
-686.974236631
-525.479152475
-83.595256553
650.641700732
355.075556222
-1247.037559652
833.850567067
-739.547117682
-1266.558722347
-783.313595329
-1295.597393651
-52.443281598
670.372123532
-52.443281598
142.463257346
-465.643671463
-1117.145291725
-813.106866709
-245.871537779
-580.703792792
997.962597527
-659.192757654
347.645293709
-10.742960337
770.110173308
115.745507402
271.533054871
-852.340342484
-10.742960337
475.750184926
-889.714082725
921.690351710
-803.400708615
1442.039896253
-736.372196651
561.281102262
278.981706887
589.359500805
650.606348688
295.120456003
353.020933041
-517.970504396
-585.283384642
-1675.640641040
330.413748138
464.238659219
-1118.851595479
663.315528031
560.781900825
1026.693003304
967.073275982
678.478065236
-803.078453967
-1687.630486991
-1012.485540118
-1208.673239137
-921.648758534
1385.000304370
654.414108468
1233.233110840
1040.575219904
-1428.917433244
-703.352653876
-988.781526131
775.377114027
-431.104556669
771.371077302
-2133.764746817
-2651.211197046
1141.146467703
1472.194086496
-673.098232647
-1142.121901944
1876.489163115
-1308.674393411
-1365.538032655
1475.658285837
-1541.927841986
882.908274775
-988.745580047
1753.455394217
-1192.085239014
1378.741260906
-1498.746627342
1529.387386236
-993.609760307
-879.392452530
-1122.012920032
-1717.086182814
-1618.355874680
-1906.060454227
-1296.813662297
-1257.166527117
-1176.904537230
2182.042371167
1755.977964794
-990.505050136
1817.808420007
-1559.834295187
-1267.742490649
1443.129814387
-1557.642243524
-817.999308510
1258.158299169
1098.511254794
-1046.755714863
1026.088782156
1065.182306387
-2259.322613190
1024.689296283
421.547979018
-737.451714807
1214.381568627
722.812207134
-1891.152460349
-1058.097502348
-953.277480318
1174.572791518
-1166.244848562
-332.461627121
1141.786295260
-1788.242987628
-769.937512533
-1238.512887511
-622.746618473
1372.259685125
-589.122224074
-892.804009247
683.061741955
-230.743963032
1340.823289991
621.409213419
652.330645763
-317.103203815
1000.671575294
994.666376760
1413.804588461
-1648.359660676
-206.298690469
-277.027362256
-882.500351473
-550.329879260
-845.891442119
-729.012459635
814.621588458
827.012694891
611.184341229
999.428883421
-1086.919434402
704.798447174
237.449558053
304.557142353
-65.468037263
-377.689356006
-603.004994753
-394.405614805
-160.954988404
-692.627585882
65.468037263
-312.383491944
-133.252131526
-65.468037263
-1626.105620540
-493.925264134
302.273416280
404.362940019
551.995453309
111.638172437
520.437810745
916.172559900
866.713803423
-65.468037263
-577.848040203
-235.233124850
-923.846652893
739.746455746
-1445.106732326
-1076.048358960
1485.928412761
1788.973751672
-833.838644959
-522.596080384
525.349427236
-679.904852060
-1206.022521410
-773.871431381
-1315.924978725
725.343578962
952.997196753
1091.763829858
-952.434776077
-518.835226355
-1429.693048187
-619.409990860
-1124.528491790
1547.171155723
-170.333000236
-852.114495580
1356.044002625
-1091.051623782
1216.960674274
475.754223349
660.654426547
1005.200605237
388.399401106
-1035.034857413
867.608414541
873.120090799
-849.101569423
-546.369029083
1265.378086984
-310.206794569
-511.192371526
1639.640697051
1388.742081017
-573.727545157
1037.645874679
1575.207664295
-1066.253864710
532.646194475
563.134275758
604.343539491
353.454203945
1763.773744015
-515.632179487
-523.093347383
500.580198171
652.277377443
1025.661754582
862.430212460
581.495878697
1006.117557683
680.348253256
-1273.912369210
-1166.396850179
-637.767290006
-1637.755982069
216.756404729
-624.943372931
-502.027023133
-489.997610746
940.293817443
698.753796445
-1046.884168611
-1126.607183499
507.631929974
-1633.016846802
380.350638771
-831.699390833
-283.236471558
446.729232929
-756.005089601
-194.445374870
877.988519463
-1144.126873798
264.399070621
928.268549798
413.874580202
1058.232080917
874.994148132
-328.134144926
962.925523174
859.746535655
-1166.731336163
108.660407806
145.391889539
819.338061738
361.821789098
548.430268909
108.660407807
543.872081966
-231.030948663
-205.602065595
-731.352810282
-332.328483706
1282.963618091
848.711412375
-1430.047630563
-598.027043114
1060.474013907
1393.312824868
247.248321709
-1195.750645363
-129.592735582
484.049697885
716.190026397
484.635508169
-1162.920211610
-739.885854353
-194.445374878
322.592418644
-915.106533350
-640.893929890
148.830271724
-937.021199631
-619.961650238
-232.379432388
-603.914281900
330.979306960
815.736540910
-26.243856252
-558.368154306
766.706869014
-410.216215954
575.431173725
-1091.357214289
1061.940614988
-26.243856252
-246.858510246
-903.528818399
345.885519756
564.638112944
-531.853544964
-786.779475041
739.918499159
1460.294636236
903.520162680
367.913536624
834.922514058
549.240319075
-624.082691359
837.715973088
-507.608160125
114.060409083
855.908707019
-446.760488548
-735.067644691
1536.601462284
-540.680227460
-802.064226706
-496.448244272
-294.518479487
751.891589423
-758.383443035
473.688678670
138.978077669
472.587084618
-136.298080869
-114.060409082
-877.680487585
970.121744615
700.403473611
987.727484649
587.104862764
-1269.212034304
-687.076610099
-1612.305687836
533.210940274
552.006067041
142.782750953
1480.506164383
-409.890066569
-515.972518187
-556.569256711
1045.389549174
276.436201426
258.241651786
-1541.755283486
525.576446285
1036.889621802
-677.725939445
727.480196081
276.436201426
-400.554691104
379.186521419
-613.651756305
1032.902148168
-1400.740635665
1664.995203320
-1442.566356454
-1357.387872295
-299.034061081
-751.642877590
582.394222369
558.559614027
-444.245561833
1307.869338735
1159.855888487
1328.360935621
1580.356565143
1062.793275930
-1401.537865484
-462.494426112
-1247.695977683
-1401.240947454
406.281391199
917.296566820
-428.172978112
447.991942947
1153.904512225
-1563.919911204
1236.248272191
-391.951225556
-1322.575636838
692.792670206
-295.248822771
-977.209915042
-724.055768144
857.163341072
-360.014122037
-1269.433290360
-622.302391276
295.248822771
-154.319031684
1140.899748106
-713.302258802
385.544322609
-799.766123678
700.128177301
433.061302822
-154.319031684
-1273.621524288
-639.782347376
151.233257466
800.090155998
-999.980409952
-500.374681411
-183.756656876
807.414090559
1105.528124405
-151.233257466
-324.924204279
-334.696936379
529.528692013
603.728451702
765.842164963
-936.013155759
-796.325785742
596.370983518
738.779169123
1379.774394980
1094.961654694
564.180631579
1278.692692619
-1000.199089863
609.284567430
1450.294730910
1063.501487496
902.427845554
967.444076957
-758.258500828
1013.768752353
1385.819862458
896.900599377
-1076.668800745
-1201.694421712
-1058.768228439
447.381793791
-1905.245432659
1737.568645683
1319.582253439
-802.030633399
1069.938054133
930.669928251
2023.166054809
-1161.734783364
869.031502221
1095.910639346
-1324.997321856
1207.518015496
1587.938271361
-1156.585317032
1887.029147999
1422.709338019
1169.246495363
1348.035563296
1149.765684073
-1195.419852417
-1207.536882158
-2057.559064749
-1229.488382861
1316.579300417
1531.176057718
1483.374383291
1254.820256980
1409.815670978
-1090.986038167
-1309.761192344
1972.542263205
1068.056148281
484.746146051
-1573.717479778
1375.262758367
1491.974878247
2018.285037710
-2449.834974764
1279.996434648
-146.808613616
-1868.909477986
-1167.451752224
-1415.403964935
-1525.642501057
-1933.358904601
1227.243071149
146.808613616
1641.960304814
-1609.108981491
1657.040953790
-2080.492073737
-1321.819197133
-2242.219288448
1175.131801340
-2173.692345044
-2467.241570350
1489.544908250
2263.515385560
-1737.276194021
-2960.606446092
1507.739199863
2149.647860441
2013.710014169
-2196.804097812
2356.152231442
2053.883470175
2257.993980885
-804.364903957
1772.799860751
1713.242412949
1850.363196956
2283.076640950
1929.918714181
-2539.515025885
-773.779481453
-1416.747417509
1807.594193712
-2875.967632802
-3037.160546453
-1950.505658884
2309.336967388
798.290540464
-1226.534016683
-1867.604296234
2192.470448309
2479.864827053
-2076.904827811
2829.091961286
-1366.187475135
1131.617262326
-2512.775385399
-1979.104242681
2445.853737848
-2485.803253380
-2400.187837905
-960.449442111
1411.316692829
2949.546780334
3303.974411475
-2764.326369324
1713.980165586
-2557.483928817
-1744.329127155
1169.801121459
3109.728835645
-2086.838973818
-2019.090362004
1679.686092971
2471.094906796
1500.737226109
-1357.924295082
-2828.757755537
-1846.509575361
-2617.649873798
-1946.999657703
2904.758701193
2026.217517470
-1287.003678097
-2372.768063881
1775.744837256
2929.699485614
2134.606986131
2454.005278240
-2090.493628906
1760.204673261
-2599.439894004
1503.510571793
2157.471031704
2001.461748225
-2845.977784677
-907.343130311
1067.769745496
-1972.977908592
-1386.082693343
2282.998898445
1563.427704895
-2286.265818937
-2091.117023317
-380.311673576
1700.818904854
1386.082693343
-2395.818204449
1867.945306219
1923.402134518
-1299.963727122
-380.311673576
2196.726234151
1465.640474630
-2126.044908432
1816.825165205
2902.638460169
-1719.783148997
-848.207270120
3130.577215081
2277.104134772
1764.450836443
-2238.942178494
1638.092085917
637.514974315
-803.960594159
-1649.783023918
-1490.730875692
1857.606810429
-2159.391137271
1638.099506603
-637.514974315
789.843498892
2322.289040370
-1889.548563881
2282.207145440
1512.817510479
-1624.776111243
-1291.346993735
-1844.261146852
2349.387698241
-2495.456736786
2140.978408856
-2083.460225303
-1579.093813067
-1115.077233753
1406.789345222
-1799.030090444
-2726.497427278
2095.699914529
2177.457726616
-1579.093813067
-1565.424296898
-1312.412969438
1692.002783298
1794.464286034
1583.971182266
2069.499110877
-2175.128579054
2079.497076876
2211.705823516
1824.107789305
-2049.009684843
-1927.645216342
1505.848263333
2664.502508361
-1566.393431972
-1545.837972514
-1692.002785896
-2479.598320659
-1615.050433765
-1808.063508458
-1954.879808064
-1744.786691915
2465.714477472
2344.470124851
2421.725212313
1292.947359339
3259.186051715
1985.384650416
-1602.873179549
-2407.204047365
1808.098241600
2770.544681387
-1292.947359339
-2213.694539042
-2461.986626022
2360.311285361
-1610.886279468
2430.815343276
2676.185288576
-1757.996661271
-1819.672267506
2100.307456963
-1979.679215843
-1585.211983706
2657.005532026
-2434.614972378
1628.181532840
1846.846048076
-2304.137867614
1910.170004399
2195.475399707
-2359.963446191
3542.500425194
2205.020689629
