498.501465409
-602.898434399
258.640132823
661.534548814
518.266342635
-599.028896569
328.061948273
594.778273056
296.403223538
-161.719153108
275.043961969
451.694358399
383.925536175
143.459704323
426.649032123
124.088274785
-618.033440698
-593.160324418
-489.495214012
-369.533385380
-337.635848455
306.915735875
104.420582524
-213.123653126
-265.270310421
-484.415928899
-541.507594142
-315.612920935
-289.942268283
-306.277904121
275.382124381
401.295344519
-644.016520616
-347.769438142
131.473328691
286.093583018
-147.642959984
248.340372422
677.456140391
150.331105901
233.801157482
120.326795907
-411.407769972
-134.161004542
-306.651499082
-293.413534437
-208.916112123
259.660003622
-315.303679982
-296.669223735
115.617036329
-268.963308053
468.589082771
-170.625208948
332.287254582
-366.094862559
126.194197891
336.887500229
320.801344663
319.842761362
-129.166113723
343.636907670
294.517193173
391.160723399
377.914857786
-237.159572709
-520.159450852
281.073963154
-253.270263989
-365.596495104
-118.103493061
-574.335163189
354.357546605
-195.535370987
306.322043859
-114.040487241
-377.404975390
-187.763172304
193.051579089
-488.586791360
-69.756116133
53.769818863
42.062546098
-71.098108225
138.000166630
125.714044933
-79.664478380
72.260472058
23.337474472
-60.691070855
-230.801237008
-217.275964358
-86.775610805
-405.170759584
100.203844834
-122.125669985
-234.739975647
-592.690726359
-140.782765823
436.780674243
421.160559087
-247.562299736
-358.070091272
-278.159734331
-377.584298501
-312.434630252
-500.882510522
-469.836952357
-260.201375028
439.064987369
-396.370168635
408.556218611
-522.786305971
-618.405819844
365.037790346
-400.927317970
366.429964548
-329.790977345
-441.896799065
304.366093000
-360.436713083
567.281695030
-658.493930428
385.159810890
422.570656610
-293.806245685
-542.095600699
298.463669740
-296.047830757
-267.956974815
-253.614413096
375.355212294
242.810610991
-452.617427144
-201.577549331
411.025970288
656.183940069
310.309328736
479.782071734
-180.596943854
-672.118582777
423.913585319
-326.260806592
-290.099290023
-271.153958072
285.147967904
254.727642724
244.181596252
259.277738497
246.434004320
493.694021599
423.267766843
446.662156921
281.082354804
-276.969207922
-326.104877300
219.407098742
-750.653366793
442.183715515
-433.538172688
398.897926565
311.427173497
-379.347202318
-189.344632085
-484.769744259
543.044460075
-237.643708841
519.352992547
510.800785670
-202.120165326
-321.622978993
621.892782509
581.541993740
-242.770167034
-339.723329468
-407.835756408
396.155946801
529.349655004
528.710874894
671.411915802
591.769250581
551.975387486
-511.718256155
521.219230475
836.965251331
883.692230333
-828.235967570
408.181769395
500.908136235
-828.563837346
654.185256168
873.906413304
525.384342082
725.598986034
720.005071808
-763.876572485
-908.568307225
-697.273282278
542.745954032
743.858857926
1051.797587022
-791.176601869
665.484477098
750.215143137
-737.891903944
655.135619071
-912.137979277
-1137.345903540
-707.524102350
967.555816605
826.957491107
850.843507192
752.992934299
920.901417516
914.936706705
960.829693787
-895.641827491
-1011.109434042
-815.450477168
1007.907116026
767.585570821
1033.145427566
-1054.826924730
-1044.123690473
-1208.181174423
-856.093120903
804.830498466
-1001.044604065
999.097696395
881.748864523
-809.634304104
-1274.618345008
-972.171648182
-767.942377018
-922.227538639
-1134.884949496
-849.853718234
-1105.933643682
884.336569361
-863.800802630
-887.072699567
899.465540973
-1186.601882102
1199.070165575
914.243577258
-887.385030639
1116.486403531
778.909043640
683.332633775
1081.992323324
-986.821060704
522.892576862
-920.408331456
610.087063456
651.808195824
594.735308340
713.674021876
-1035.469302651
-403.119941280
791.954960657
515.013525598
-820.361416053
609.710365104
779.774009944
699.277396472
-369.555636092
-724.459282893
-599.565635276
663.627254821
800.901867204
-870.867537786
-560.769460751
-410.164037361
-953.014183437
491.968855366
-557.150428840
671.199589230
-518.811327658
725.044435463
-325.615959168
-819.502553636
-571.043331046
-420.050047778
750.111307847
-718.153176439
674.309541838
280.809573295
734.321931274
473.660715427
-426.961293383
985.591273480
740.304118165
519.302212152
-176.859211491
389.765295141
-335.471958874
-402.002027451
514.403777579
456.947402965
505.674445565
280.962798300
385.741208512
-314.026793022
-342.877584552
-638.895227451
617.211697304
-557.806354488
-191.753635662
-591.613356091
-366.412471310
-447.877769049
940.455816987
-459.588156215
683.678196952
417.877168845
-503.006534603
411.246520014
420.531678598
633.774633895
-388.675919817
-610.606882121
268.118323054
-514.865210603
-223.260487549
-546.845870115
-781.080864290
548.767245113
412.387682443
-523.279923103
-530.510008514
468.586693995
228.048381400
-644.727275476
-307.655474732
412.857394602
-157.561559279
283.779784034
232.606922317
198.704849413
-602.788565310
382.591768496
-469.763203302
102.139908550
-630.878342087
191.690247413
165.177495447
407.132049594
-521.223085962
-751.896165063
471.127122759
-540.762439511
373.091021217
633.188018822
-734.244818967
-444.369981047
790.480500287
-253.521515630
-475.252971845
314.037901511
570.095155037
-486.012344818
530.592810063
664.572466653
-755.368087209
757.043783935
861.374417468
-410.770368831
-685.017528315
895.093721073
554.465041818
-699.483978700
-479.909584386
-593.340528699
-530.343638656
1086.870190333
-576.156278814
-711.827775870
554.022271683
-759.828631114
648.951004071
-740.340720119
-844.660072571
-665.978551143
629.372568427
385.644729838
-873.531364080
541.591302257
639.115612494
766.636257007
677.604825733
611.438003358
518.533346101
-978.707161610
-685.916494789
928.428039861
-946.243224198
-756.537135609
-763.459380055
-774.161989588
847.183248929
-1053.024390848
-700.844397850
1007.263985566
804.883246745
-835.427341840
-894.676922827
-920.656341432
-847.793074060
-833.604314000
-805.148471742
999.038675151
-1076.283304178
-880.107660280
919.327386705
1106.620264886
1025.153417474
997.082622905
-818.226472954
-833.897500229
-1010.206759104
-957.155301900
-1115.101060752
-979.673208027
1107.968072476
-944.201065227
1181.395805810
1016.239451221
-980.767104925
1109.682258682
-989.657653847
917.342204396
-1174.311617592
947.139578223
-915.378839871
-956.446527278
-1085.121713383
-1132.046416976
-955.788796453
799.813245174
1274.184676241
964.141704833
-1093.178873041
1464.282344937
-992.489929290
-835.471803992
999.985791000
926.662010020
-856.956516263
1055.740590090
-1009.762917216
-1007.606378017
-935.984832142
-952.807963537
-1029.939207142
903.854140460
893.426173347
-909.592644425
-924.923619508
917.092801488
641.393079833
-779.094545890
537.266401484
-827.849261839
1040.484210014
-749.656573799
877.266180146
-746.943093162
758.528393408
579.426315207
-730.423487489
855.530319093
-624.996495688
515.474033992
-518.807346832
684.573797027
-720.254637545
630.399050705
-703.531644240
757.134115593
-705.868129028
-509.456974250
-1097.841498169
-443.199731122
-633.259852753
-715.219875723
586.224250299
417.084992770
-535.778904090
638.173279544
427.182616763
-791.444497815
979.926428538
703.839071753
-540.217262542
724.748884462
358.775487018
755.754044269
-850.454171355
695.755607460
-839.990408071
678.884728971
766.527223294
404.297960604
-635.407803373
676.006118690
651.764018075
-613.220661284
738.708582436
-621.763256016
-539.531809003
547.059146577
-617.233081571
641.441348958
-610.272260060
-569.126691078
897.149783088
-705.372630744
-481.896891298
-587.477631831
-591.745067194
-788.440869991
858.376033746
-752.200731087
549.223551835
-526.642152299
670.269349866
894.134652455
-648.012115826
-547.238795296
-635.721084634
419.141121017
-578.648878456
700.519295830
562.841534748
770.435443925
-523.718358860
-960.795929761
755.801701949
619.135706173
378.553843217
665.204417319
414.514585192
-693.500810165
-882.447112445
499.105723639
-558.774606951
541.255619541
-538.340448340
-608.338874623
783.679368334
747.968377530
-578.158519529
326.228805374
-475.601881770
328.679250735
-392.436844924
-694.339557748
-578.101013482
-599.376360260
-275.253899010
-592.262085449
367.302903003
577.128124856
474.083467390
405.271139420
-522.501448031
205.445256848
-163.229646441
517.302873822
646.164334166
-310.196734291
598.284530605
-144.448245512
-517.092521491
350.958200028
-624.663482549
351.657846194
254.300172571
322.028189899
-218.290331449
-194.391159173
114.726724502
-322.594482357
-504.767748652
-259.498233906
513.937294614
-337.478669989
253.942043233
-256.411951534
246.391828588
253.241216822
-347.897780534
246.112179995
-207.016563544
-274.987444462
-447.051941979
282.525802952
410.536223410
-376.370364283
157.318481126
23.655594706
-129.479535544
-112.121016266
33.567601689
-229.980502091
-185.859348419
146.433776695
24.854134636
-445.316056055
-3.043666594
80.715374206
98.104701504
-225.654359910
-245.946075260
-73.083215552
111.799576062
251.291223016
-417.199987131
122.346632516
73.862172664
-404.607945597
-379.092968874
401.240972977
-227.565959662
178.319332942
-313.743146586
427.298261844
-476.183505853
211.458161632
290.547313119
463.671411031
-277.519059607
352.248695770
326.549805102
-258.667407010
-243.626768406
364.924559030
566.589228082
-253.304461150
-311.022666271
-215.941786257
-290.483151777
40.346457378
354.685355045
-226.988423092
139.915247565
342.652775546
435.042389719
-174.138559242
-1.532532843
465.575248043
-346.610930000
236.860771535
-174.772987741
-162.380379998
235.419204740
171.762831446
224.955082768
-379.420687453
198.003101068
-272.002555326
548.964900131
-172.068376750
51.102538291
770.785325280
448.371209317
-283.761338486
-277.904656395
731.181837520
203.115752515
479.161010132
-539.746291514
-218.902778638
123.899120165
-459.003520699
292.581235311
-219.826290423
-230.317633879
-412.675612205
-205.492293731
-337.245761530
646.370465534
327.862200970
-248.885394826
539.275325012
-354.765753236
-293.086274181
250.816155228
432.134601656
-497.020490397
-308.075349120
-241.126072308
392.115921904
-484.538709714
-494.361979229
-357.456290341
340.692526922
-369.388083959
-441.427527751
562.838572990
-473.568301219
-689.638173880
311.872436473
-439.810915595
652.733711991
244.558544767
-767.142774339
-633.119387884
-503.147599275
-575.909080098
709.593317225
-841.796979482
323.416690397
-603.877252041
-574.022673043
-647.021226802
733.676537255
-563.949015911
-655.013087284
-281.453292765
-587.223643158
656.153814011
-810.814800718
830.538624300
806.599294368
718.630572622
379.895219600
691.591971568
783.828516013
-622.843623031
706.584865111
817.016494018
605.224315492
-748.978565296
-806.075018120
825.846251173
-831.146457076
-438.721840862
765.175101104
-777.304942451
367.909196266
-593.242034753
-840.507349515
688.392336879
-485.625803401
-771.556428897
867.304078657
605.894208039
719.978380619
-746.644133340
-652.572099885
456.123959418
-619.738828054
-877.060413821
-490.979322294
-634.748918556
-665.013602416
614.729652460
715.145209031
605.432189412
-339.365034331
-540.431507967
751.565182638
-767.656231581
695.766607375
629.313447909
689.239399809
-475.390946972
-502.529099920
660.695243930
497.887039951
375.824372248
691.698697825
-559.220632684
-362.727880750
775.424401946
644.932642653
-598.929928296
-584.187120123
596.320800924
539.285244780
485.969786300
-740.265792173
-611.589073278
-567.272070396
339.925124117
767.233099603
-720.169478065
-638.572766466
630.210591498
-647.430233554
-338.247585479
310.335130111
-805.140566905
601.428473725
666.184446224
458.082562552
522.763952672
479.089517504
296.546117282
698.598043152
-509.634998578
430.159380882
411.380534547
-595.590556795
-767.356734360
-710.725821926
784.688090347
-567.812832579
495.139420669
347.463453237
546.057978424
503.151738163
-372.634143190
-678.878740085
699.346933447
333.891914426
624.291826196
-565.950995437
-167.221501845
-252.859411249
-464.374316628
-517.686121459
329.399755055
239.352405130
-486.591445089
497.925992066
-662.466282839
438.340889720
-595.920055412
418.922135763
560.864864671
677.781269305
-134.926824019
374.041214604
-633.701392223
668.783363818
409.476739822
-431.012046934
342.191773710
209.634947443
-754.762262139
551.834378671
403.890893175
91.190648878
455.041060641
-467.899422648
-271.546587716
572.975485228
-694.207070802
515.608103009
-51.872268066
760.203687741
344.088497099
324.067664180
820.964474106
504.023909819
473.767406651
-150.764725727
818.909931863
-497.398126037
338.781506671
-772.159627556
-588.602339709
-474.163482639
260.558031164
385.466849246
-627.681766243
462.978077158
-603.721684817
597.829726289
-513.547193082
-706.102705242
529.036717604
-683.057049087
502.449078424
-901.342031646
-458.282300394
755.907893450
264.531490670
295.964126038
-452.894767223
755.394559936
-502.604153007
-685.146138741
457.856031214
280.008135817
298.894842112
438.593955467
-397.539533718
503.278585027
-354.967169652
496.412588563
690.754094175
-291.484904460
-466.546936681
-494.360859377
-804.344407230
424.587539127
437.237297567
408.747332949
-233.281051331
-748.658009221
724.895015417
606.552214512
-496.573906542
-462.188728222
571.579925758
420.482291604
-638.269282650
964.086826765
601.777533466
830.486873374
-447.272043829
-650.066199820
-454.598021380
-670.266538344
-936.741661504
-566.388466016
-686.847646861
449.962509028
942.883578785
956.100208306
811.292555725
824.801389936
582.195447794
615.132569736
-442.613704760
-490.333588021
554.606428429
812.891016295
-966.383010383
772.234983584
1159.778866490
-593.732235344
477.805685650
-571.719592445
678.745698641
-720.035359930
-706.462647950
-589.953932494
537.088122568
-335.690969647
624.972646784
687.115622186
703.844100510
466.349256962
-414.649123151
-467.625533753
589.789317054
462.043859899
-656.214916506
736.598204863
-672.414676320
379.831398066
892.038610340
-416.238517523
329.193029198
-685.835658930
577.063726786
320.763546248
383.873224906
-564.228939405
326.405950456
349.559950797
540.827459605
834.147397135
-451.952252113
-327.872395106
399.771865473
-244.080595057
396.130083982
644.875986148
594.301535622
-389.942915480
-475.912599197
210.707956420
112.921957378
-341.435068358
-312.741810492
-719.518976512
-249.709715291
391.997290494
307.947391386
-161.226973546
-271.967127675
-493.602518377
305.075138638
-439.062762636
-503.909475699
-106.818165393
92.550588311
-352.337740717
-395.371588502
-442.014442727
452.344300982
331.188737000
-95.971645706
-418.611071434
163.036858675
-540.545464129
360.587637538
366.550774900
225.086815835
365.538998294
323.179971646
-767.361292796
437.692617426
-421.508608115
-442.585389235
446.416834735
226.500115075
-176.374603274
263.875498541
231.299178681
-191.841573881
-143.698112317
195.594639482
-76.870006339
423.863541202
118.863783088
375.294278960
-302.782135565
-298.387556900
-169.473937220
-269.865666968
-324.387874478
146.001440242
256.515529123
160.168770256
148.500230843
-279.630078810
104.638016036
-395.837470190
288.389468702
44.871029621
-107.460129305
147.693157476
113.168100450
160.181131410
358.992959961
47.395941792
-121.681394440
126.321475406
-328.438375362
220.777855440
162.087092563
336.818592960
-58.985633306
548.264158034
-115.794976141
130.305454121
592.801736355
76.398829570
190.055192159
179.864588234
-230.312224857
172.823847008
-330.113562818
-451.641257798
199.821058495
39.428501252
126.907882105
443.180100140
-109.016242101
251.634223069
125.498286461
99.716283039
143.171344003
232.336615578
252.931223294
-302.890982552
-149.882670648
243.257538360
303.627777046
32.503247450
-143.734769866
205.884450430
-137.628045750
221.473770298
286.098343605
78.688355253
242.215223700
28.070695200
56.782911769
224.874011234
315.150886642
-445.225020303
-48.699538809
-420.629467026
-354.533056964
204.205984004
-444.605560772
377.468836212
-373.122283634
-380.956332301
-193.589364924
-244.141792965
-134.709457278
228.071554206
374.542276612
-286.650438152
69.711293604
291.375775204
-257.464588938
-298.357520015
437.560039342
-251.951751881
-234.436214069
90.535920410
304.071031653
429.859165396
-311.396995686
353.004030913
315.611606884
431.980290079
231.589035685
390.861514910
522.373196530
-368.451665848
-378.464788880
299.900160491
371.223619270
381.525647854
-234.356462190
-227.785091972
-319.993148400
-332.838420523
-187.190909764
-353.275813623
-599.556694954
-342.436840512
-269.147711095
445.949582191
280.195300304
308.162526267
309.683875051
-601.679120982
-324.682387323
582.326021851
-337.578863034
443.246197854
-364.583463964
387.868430326
-316.825693988
-218.862200779
327.773407749
-479.331303321
794.099354482
192.682015983
291.761136695
282.078880070
-210.421832595
-653.482247772
-631.758069900
428.172325257
-347.874764689
435.133322374
-550.057732091
-392.714941160
-568.638006169
456.493097018
-703.634151445
-381.675089878
442.642473963
-714.285076472
478.045035833
-512.868439216
643.090427579
437.059199219
372.392748437
-349.371859390
660.011067963
576.740667729
854.635610421
-379.186116750
734.658838687
-364.959261161
291.023636587
543.780972208
-479.117309030
-658.827607967
-340.280932516
-545.838546227
-414.769601289
-552.753647614
-652.294450165
753.602337945
825.118486085
-637.560013463
880.958166329
798.694442155
517.009703167
-821.014337950
-651.770993876
699.020552697
-455.942255858
642.766367302
595.825408565
583.122630598
833.459823132
-745.139887370
-599.232963956
-509.018627273
621.192158429
-959.562456168
554.353451933
-1032.878199428
942.129642406
423.556310500
869.002836853
-605.612628922
-799.087256698
-599.840770898
-1233.008867972
864.182574864
-414.065147052
-546.464185313
951.436069680
669.343994398
814.247344605
-693.231208480
664.774523511
198.896457600
793.804289646
-765.930952557
727.462949322
-695.253234819
-842.110219656
746.978699454
65.231224473
-619.044305372
749.432483267
1000.502731085
-839.008018628
-774.532042288
525.232171582
-325.316909392
933.371359129
866.905541103
808.650224713
-623.443600818
729.792732652
747.779504299
57.989547478
-791.791751850
-983.194525702
905.457636066
-809.146009093
-896.866858217
583.916735767
-357.093366688
589.032417042
-903.015666623
861.778167677
651.060023073
-764.698704058
898.835786295
-563.905001257
685.668004058
985.228487958
941.938847218
588.601994644
915.274889151
-891.482758358
217.744433904
718.519886562
-1059.529375339
908.103390382
-963.739410724
-858.431918862
-854.086367637
597.680580092
688.145606135
943.579048708
-865.601377788
705.016464821
935.460276504
774.193883460
-487.349548550
-817.966458604
953.699277062
1115.490655080
757.740257757
893.584067463
-772.637931208
-435.229219915
-803.657024552
-849.521581851
895.947752637
874.783502009
1198.749109672
-779.768235488
660.172256187
-992.185978866
-878.800794863
893.348862079
986.712504704
1086.991770180
-778.690620333
597.670637290
-1189.633116677
894.171216331
-1147.461156427
-1080.637583746
1034.584836964
-902.328982497
-764.643053633
939.479550134
-869.393546707
875.267077521
-1073.468129926
1120.742589925
1074.715205308
-755.196131078
-1121.215676505
-1154.487145581
-1076.693487291
-1257.401592729
1150.059034847
-1127.141746631
970.339412214
1085.437590259
-921.560622588
956.235982513
1248.406330536
1188.306844889
1448.931984484
-964.794655585
1092.556248566
-959.872763295
-1263.755117782
1286.437189360
-1244.516025539
-1110.698574387
-875.031812648
1324.984734102
-921.224022079
-1060.995973649
-1258.280300853
1314.734903830
-1085.534619228
1331.565150192
1298.889258171
813.092750004
1341.520096378
1286.634269611
1487.686703809
-1071.383146563
1135.928718399
-1027.159013666
-994.434002039
951.810266775
-1185.256422808
-1107.479512893
-1276.817224819
-1270.387105608
1205.216552316
-790.312682116
1076.311604111
-1110.574797529
-1137.543953367
1241.309244878
-1050.308234543
-951.534408380
-821.901581846
925.198217012
-1372.101887798
1320.586920103
-967.750298610
1124.106719522
1111.259705302
-671.003611561
-1183.557873356
1067.104256338
1119.098455208
-1066.468791693
1011.606887923
-1043.241486958
-981.005456693
-941.428122629
-928.564030605
1192.438592706
-857.319554450
1095.056402169
-1080.190389065
447.340327023
-810.879598360
1044.853796865
1072.437169845
-876.972347010
-816.301315330
-893.824923660
-768.797082984
618.174030529
-1023.132113027
1086.640571358
1039.475267604
-835.266431127
939.173154914
389.438527394
631.709810367
683.754674764
-923.712506133
-692.897247111
-891.662490521
-627.336359804
371.618085989
675.124672550
-993.950844200
-1036.877279204
-728.650519275
722.965664303
-566.116156558
-575.300772808
-757.101561583
786.742605521
921.224059607
713.407459915
893.464154367
661.233114764
522.331326665
1045.461126016
793.354960542
-995.567924602
-511.688022286
975.261750529
712.821260698
-637.156544180
757.277504033
792.163198835
707.988694389
-759.599216993
-830.779794080
-658.333238896
-298.928217570
-981.729005929
620.581381112
-521.278538074
640.206967872
749.025062062
-613.497873532
-538.891843576
667.261632073
397.778436870
440.842349270
-693.817535170
-762.221379060
-475.738162975
-258.310018434
-606.927571704
380.942443275
-388.784135670
367.800402631
551.532928273
146.279649467
-117.845879167
-518.210226642
-447.182201611
392.968772833
129.358270656
718.677955006
285.034058354
50.815477359
542.154337409
-654.965764932
-706.429331905
-258.505340111
-344.820510404
104.117033128
141.700896813
-383.608020900
554.689061207
-513.505516595
-95.797684466
-750.888723298
255.060533078
-76.197778972
-524.469738297
-715.300913622
438.297767914
247.818226131
-454.679348225
465.537600130
570.485392292
797.527483880
578.803260073
632.743686561
313.010627540
732.136210864
504.354121037
577.404078170
722.323152181
-623.155650827
-1019.935312307
450.818879605
-700.590706565
-376.549867326
285.081780288
872.322320335
580.807446891
-964.407214558
-521.258525102
746.866197432
624.238144979
294.567114086
-617.899974412
-546.152540697
-534.391945648
-473.601359639
753.534039788
348.918038063
362.410811852
811.678766033
-597.353101940
-460.759372690
418.351603907
501.992695988
-573.318507547
542.851221052
-426.343051578
695.978027368
462.611386135
393.485496593
839.028656019
276.482728156
572.627697498
-274.711449070
-555.433828116
-324.264398460
278.704595409
-311.779603866
-317.083484868
476.437033507
367.337576599
371.186067669
555.826697046
-358.095570365
-235.559863863
-357.178243417
359.943179835
389.279888083
-425.010348723
247.153314226
149.236261936
-214.689126962
-249.561078701
413.597936872
241.979192435
-272.944535336
434.222165652
292.721534349
493.583478743
-158.585414997
-301.767424434
286.324374413
330.764336807
406.137077987
188.108597573
-425.729110863
292.716100818
-305.268890801
-304.390994913
-388.081932817
290.656369181
114.058759171
387.874406712
-275.102354096
191.903770271
-238.534101521
-271.261045085
-236.973172251
102.384279028
-317.576645014
-128.563538433
535.587795079
366.029415565
-452.122334168
-218.681544001
275.145088724
-330.225943144
-422.698710541
119.579621505
-443.280102012
-353.839392853
-243.687667312
233.288175478
690.026454144
421.887238521
-451.973099910
-602.558837101
694.346148674
-692.344562067
-249.731313129
-840.140641724
-391.571823516
-389.553485976
485.658117147
-568.532788610
756.784388400
-668.508927904
693.684218728
-464.931361840
511.195331561
-496.609871792
503.389571739
-433.100677691
457.724869907
-712.111117896
508.246907740
346.339425722
-991.476096868
-382.659733211
424.770971497
-681.446385894
831.836682008
758.537176799
850.111425568
-692.490808650
354.493896183
461.130577844
-462.629281167
-550.555662268
-707.243200657
-627.563683449
590.392447324
685.521381477
912.594493179
537.785261008
409.951651070
-783.409003571
587.993512105
-912.969651453
663.291097685
-720.877352573
722.220498777
444.620993653
805.743117194
765.978808650
-805.424547719
-511.605572311
727.889994877
551.190830970
-541.681037766
1042.655857634
718.287715204
854.155402937
-441.931290353
812.011658315
-356.711607726
303.945818849
-1004.323097413
-1074.050759848
691.385579637
-397.209937008
828.567835582
-382.256740385
519.183691956
689.039089935
-716.654422218
860.478891951
583.939449608
-682.299904288
314.346588371
324.057176925
-708.952126402
-701.842310362
493.328652282
193.943268715
-611.186739787
-211.559389999
234.762941382
-518.779367402
569.605258661
684.829007347
216.533114170
603.932564638
261.732779607
-487.835776324
-669.098385786
-444.983114107
-549.380121872
497.592988085
749.484725117
322.478017673
360.700007378
-692.801910774
478.114394904
471.386670500
-414.817976557
-897.422919747
-310.185640152
-508.799571978
706.573022317
435.049292726
-661.015490857
684.536575140
786.700051669
654.861385247
-397.224766955
856.909489596
-684.547197359
835.735081560
353.704518026
909.678823398
-723.749705335
463.516127672
-1075.347658670
-635.883722771
-732.438228535
735.340755630
1151.273868278
461.654282591
458.777515875
-1138.947536673
-696.851140652
-654.430073293
547.528484989
-1028.628728685
749.919003343
-699.643279242
1038.620060929
746.232778782
-960.495613951
-619.471946795
-1032.000696579
-817.348997363
912.408075277
-919.722380357
-810.720179188
-958.611710428
1028.520270411
1190.612031699
-1107.717143724
730.952245730
-910.985045185
853.765683140
808.073724510
661.587268423
1000.548026962
-997.513035582
-796.957214555
-948.420438227
694.450839445
-886.966915866
-677.083111471
-1363.807742186
756.138981801
912.218341814
1001.503972904
-862.405925025
-724.015596207
-794.366998628
1026.333755184
1096.509135157
-738.798971668
1040.663544532
908.854501408
683.187680453
811.348266530
-1102.788712245
858.267189052
1137.283783534
1193.248320398
651.796243134
-677.616570375
-875.270191491
890.786609293
1033.977866890
725.424458490
988.469209188
550.039934120
576.485507030
-1218.512917348
1095.374227421
-1066.664053220
-953.924184134
1054.401823878
-558.733371797
-593.923998471
-901.498067258
-804.705647489
-1181.007814695
-881.856719660
1037.385078324
-491.992772955
-710.261913979
-985.279111978
871.028255629
-931.968319365
690.886357567
-958.350159800
544.874273210
538.145684809
-985.531483475
-705.423261638
908.252052092
-913.881651266
968.459754670
540.052872075
833.112796763
939.313164458
710.660307099
-892.224204051
605.980867091
713.487711037
-412.971216682
903.936030363
-749.305970544
-726.810048940
-798.841284777
568.504491731
890.531773891
449.618732089
-504.253232444
868.492855987
-822.057674872
943.698790588
-565.465016554
782.465068483
633.060043919
603.578798425
-714.385084280
-714.852906110
861.620731657
532.232029132
533.155183870
204.378323388
-505.290440117
648.120968264
-912.526438980
678.744382803
-312.048386614
-514.218841206
-222.469529363
437.243832584
-625.696588697
-881.801062629
-662.255396453
-385.098181407
-554.887864633
-416.746954926
-829.459895813
967.754995975
-791.280643529
832.124824273
-652.168316675
-870.789974985
442.075180262
-640.196150738
1061.888830743
772.112807417
-1000.715911988
331.989529184
-501.725212106
-375.605462636
482.990060775
674.353034872
590.819269041
1225.189507626
-451.385539850
-690.943186982
465.080436280
-479.788902143
-852.808327281
-716.474350222
-828.147279964
607.227560510
734.554142344
-771.210781709
682.458165377
878.319760992
712.212957718
-687.375062405
-446.897696474
-765.802736715
695.305885841
-292.888449620
-943.595665624
650.908625102
-640.205368025
-556.172926736
500.815997185
730.569931788
283.819792010
-782.718399598
-498.349567514
-486.914376688
656.377363098
574.794067325
-955.539969275
-455.457450885
467.796601808
410.640829048
538.588752651
391.582358032
-409.247387499
345.919473784
-448.857587351
-664.622493265
-537.607712510
403.560422969
432.235614759
264.870901943
464.101532035
-400.899126517
419.229312247
305.478048904
-541.473480205
369.600079344
-152.681951707
-504.856417714
-453.901812206
-571.517355162
-204.783545735
-220.309324858
-575.935697848
-301.575987221
219.022748767
327.718661116
398.260358202
149.948859477
-156.261176790
248.353800878
-418.860179810
206.122905644
235.244728985
58.838889694
-182.638317320
266.916904804
-281.517082760
-237.619691395
163.272339345
179.996247766
512.840227744
10.719705623
15.937972947
-10.746319549
-59.246738749
150.031793937
61.553299665
-481.185604976
-76.679299755
-268.045969387
253.714681391
-38.870274685
12.113202346
-55.546278455
-104.295292788
129.870044962
-345.292753807
293.352330575
327.833253967
193.043491728
254.979004803
-0.101154740
-203.161843984
123.946857131
-26.835606083
51.079038477
4.984789844
166.314806226
-226.996572841
-23.197770333
93.661958413
616.460667623
183.887444022
-145.594651579
294.163035396
-7.201633835
169.170436407
186.504552937
76.445346905
-157.772499166
-550.657107593
-27.115844768
41.191578220
340.712778461
331.079834681
-159.028557969
410.023266358
-115.294947130
-97.957825949
59.745959166
-421.031642922
-473.104630115
-67.888660044
-18.405735645
337.564074192
325.899953582
-147.113568481
471.389150160
379.141555777
225.157117567
211.270510436
530.662533005
-171.143846094
92.887629166
227.658959561
276.087915908
350.709053356
-394.511175260
-556.015661839
-219.835499499
-250.729182529
343.483122907
-242.677749620
291.886057959
535.484821089
404.584981025
248.050551702
473.216291125
-474.504074037
-178.208415735
-296.619199047
-282.894560183
230.406535298
-381.318485113
-154.857250154
-422.870073818
411.708455646
357.607529291
-293.640052167
326.627417449
259.825491383
216.360778920
419.616840263
-206.578105940
-264.719761575
-580.687924090
288.380609895
273.687763433
416.587449406
-629.614638339
263.692388255
-317.533684191
-491.307006063
361.753199037
-549.912513550
528.201348228
486.387780170
451.296752668
596.880141102
401.105702304
-556.230062227
-261.668252965
-477.640400405
652.250842709
466.312674043
457.058778201
-532.639587878
536.539343560
-328.873643402
-770.585655351
668.289864726
383.812608079
-403.568371665
728.958364578
-798.657301773
496.238017488
340.395493785
-533.604113307
574.878791814
-365.027416797
589.442975083
-733.137601675
-458.750798459
495.616338669
-621.594828162
966.502658870
449.074018766
572.452752336
-976.759322021
-574.238892949
584.043644176
860.353665879
-983.548689855
491.325061234
651.664610189
-913.465668666
623.107593869
-766.555308786
834.732192308
-660.177503740
872.209953270
767.618273773
-783.242662021
616.388781180
-479.011309811
825.206628320
-586.574431511
-1068.554100794
-681.434082238
-506.139637054
585.100256615
715.543393237
-483.029116251
-465.795660452
-786.561404762
483.800584347
692.931867673
505.614365212
337.834525419
-712.409145256
-437.592195326
-525.550435732
249.337173348
426.327048912
369.173423153
-483.006339201
-512.321592343
327.310817010
-421.146373782
240.115715644
269.945076141
-387.474756528
484.821469357
-258.507329813
251.803014160
-253.545106067
-512.664220411
-271.125280969
497.694147979
170.218620538
-239.034994548
-369.437251363
426.008723922
257.807232001
129.634170989
-96.695214687
424.697201684
463.893621970
-262.262062402
126.921754493
-176.624040870
160.508878998
-442.860961312
-160.458973599
-158.733879912
-62.136888747
-152.422848416
-158.181699372
-446.918089340
375.954269616
-142.687736253
-395.851229243
-55.830227175
78.345929110
-229.445568051
419.018176855
-163.363963970
109.124064843
369.293271177
-29.558783179
-134.177150771
-378.321125872
-350.960014479
227.031587361
-263.939090649
324.795799747
423.671107057
199.198584169
186.288660082
-420.443032194
-202.863577724
256.794533963
-259.582576282
375.713046480
-444.202689592
-478.051363818
481.563609736
-229.101033686
193.219302128
-368.295667871
337.105296358
398.587939539
-545.584199038
-480.639244497
579.942086900
-271.390917111
-610.783660893
302.592313676
638.852522647
-551.539078263
374.573345640
756.778518644
497.212349562
-297.976849892
-484.982046534
190.919611493
-329.238140884
380.237252863
-358.203825849
352.252613561
364.913338708
-743.853814890
-224.057914668
-343.892916857
-427.642528394
562.626847676
440.657552930
-780.344755763
493.295778007
-138.207457842
510.700760509
561.698752413
587.359780920
-576.247538130
-558.474797033
498.817631084
132.041060477
316.513245780
-635.932689347
532.821337070
-526.669186293
-511.990104378
-509.400310561
282.919875244
-443.431802775
510.233234621
-621.869986530
309.224635301
-450.437133918
730.155491895
-459.877210045
423.459003907
1208.430358900
811.069336020
549.251861175
-676.161252221
-568.359432453
729.555533108
-429.605530293
739.771265432
676.772893090
-737.889111233
660.199685641
788.637437587
-580.358295896
581.748942107
1006.823230938
849.847061694
778.295952995
-785.461376051
-952.673995060
-548.936793327
471.545051966
890.676033340
-661.894397635
678.621240476
802.365179439
804.349980829
600.311135606
-802.046794949
-866.840445528
-801.594521919
769.936735738
-642.094745436
-737.739939879
671.453599019
914.158341536
-666.294840205
-842.982029409
-535.484067543
-786.172565710
911.400024205
-744.472034684
-621.123277710
799.210773369
-644.777444411
628.039376241
436.470270961
658.825514080
-727.915918433
-598.984029811
819.971034708
-705.703342774
-622.530383380
457.265461546
799.870589016
-466.623676922
525.306976721
-630.084190415
-474.236463778
-625.390077955
-385.915514678
627.456298781
396.404454493
902.940418946
647.691389027
-543.441366692
-369.256969909
355.948714591
-665.259046586
-427.171153567
-524.615782585
396.112363350
292.570403199
375.674527454
-391.398595447
640.175740540
562.378372099
467.925342125
385.063265675
576.183024034
282.000633089
-514.886874305
-268.777790114
308.049467559
390.116840652
-681.838662291
-221.505615224
201.441798032
-121.152352532
377.805772142
159.608368756
223.485646104
333.954409612
216.076415179
420.708237348
307.591334575
-351.912003685
217.556183407
-441.868898309
259.059156511
426.783329379
-326.861093230
323.369981493
436.142855781
-292.659939905
-461.147481741
-312.054593660
-192.878085450
152.955355301
355.109799054
-326.509836781
378.544176945
-124.876725610
-355.808525867
104.636431261
-102.226614991
327.069258116
118.801746390
329.642155844
105.052232283
-312.852269570
116.405243461
-43.262312862
-287.016740605
-20.200329610
-174.749659552
410.206138791
133.156037413
-113.405896568
17.574671192
-13.459486851
-62.554466598
74.184744516
-11.426577608
-39.187124538
-61.619195571
-48.487856957
-144.274656121
-231.926907272
-49.954845452
348.573516328
-93.654731972
-1.022867554
134.417780084
-281.941819911
-64.972386358
-101.901341286
-121.621571860
-95.394700932
-245.514136112
-386.969681652
264.973553505
-128.410563408
436.955008148
-485.355087305
-204.207129277
399.293874261
-245.047540501
-227.215816407
583.450690629
-477.589102926
-266.134690569
-548.678927823
489.380595617
-259.901902981
-460.839399514
-332.310322347
-360.504604401
328.101179791
460.626722759
-261.399914593
-333.413500190
279.198271801
483.133405118
-535.681328411
160.093659755
-208.096387960
439.757053499
371.887910239
349.994449497
609.111767679
-261.728097295
344.418386126
537.309888168
-531.110328470
784.538029657
369.686659281
-458.766178873
486.296706200
-540.828788476
-563.293454499
-294.956233421
-684.772221972
419.274731840
-419.554401023
527.179824752
439.998147624
559.053665923
489.932510095
732.185070344
627.782399419
608.155959598
605.934736379
699.718089001
531.212667071
-656.659014520
-679.756015973
-1023.065970794
710.965662386
-814.158435434
-613.758634160
-969.528772599
905.209678470
487.088646998
963.042995503
845.116110353
-748.514131427
-657.123485225
-723.027465599
-673.443479060
665.257573156
815.423683164
828.064753457
-650.821562687
797.461958174
844.680559913
-817.977152520
-1075.946478137
1053.802874476
761.770292978
801.976675788
1042.427649342
1119.470060670
1024.194696857
-855.981795649
-873.453518640
-768.109714479
1111.372136133
-1303.135747912
827.687923901
871.799344437
-815.662649308
1081.095789327
1168.665108689
-815.854061243
-1013.677948259
-941.607769866
1195.479440803
-812.827518798
-1185.333220156
963.293900716
-1058.887247010
-1072.834012693
-1152.497587685
1293.905724978
839.869487109
1296.709279658
1028.251017249
-1182.154455900
943.879070758
1134.865646692
-1252.580956411
-971.838849253
-1001.032726873
1187.304600267
917.767452084
834.785988286
-1260.561398392
-1190.304881087
1033.077362067
-1068.375469362
-1310.182069558
-964.041652102
803.947384911
-1026.804813320
-963.929840667
919.792877085
839.173218116
-1258.073816011
-1259.859966851
601.683658088
853.752075547
-944.167948403
-829.414813267
-1200.306183982
-1155.998699633
943.699187203
-625.149118783
-937.530051041
900.047275690
-1071.809529413
941.652926011
-1050.830531833
-1036.664421067
484.483806444
871.811030474
-1197.225008809
-1001.345992726
-707.423815908
891.847332949
-686.359499198
458.486942584
840.920461957
-900.327868265
973.272131000
-615.259149374
-950.391250706
-616.507765194
-851.400998602
-818.975025028
903.887683414
638.783965431
-489.554568387
-766.617318489
677.622080655
562.824847991
767.216001910
759.085964435
-624.773077082
-750.916883065
833.077886990
-487.013410256
268.872259649
-680.894974927
724.467369046
-519.065240348
406.983600568
720.849464851
-749.144536126
225.038978309
-560.724023369
-848.567390560
747.485795427
-639.744503691
-809.120068833
-500.402344999
-329.416925410
-817.963993538
627.514201244
-518.145983305
-338.368652304
-485.136126134
-698.168092153
-445.745232504
548.423747592
-476.645019196
313.102162586
507.618480601
596.991216325
490.956974807
-664.395505721
535.803402096
611.124951696
-312.722253577
-382.922071573
-675.266864327
397.701990041
-618.842862272
-815.669562908
399.300958144
-315.695927723
-295.960424515
-352.036063446
-463.550550080
539.118252337
-324.575657252
-388.617565914
532.627593370
-289.957711773
580.464999328
-424.666279406
419.707480828
477.720302839
312.846168843
418.328407898
-418.382885653
485.208490772
-434.368352502
483.764275732
564.762730873
298.172531448
-278.224817556
190.359044119
-301.134021086
-476.180812402
-295.227064872
-364.400164796
57.752182863
-105.567265686
-228.956543886
-355.695282315
-346.574066706
300.707439012
-103.339118721
351.761651673
307.063553458
483.991681171
-232.238891526
-202.809933320
357.358255850
-596.776478037
-67.135993165
-293.529384212
112.698977453
157.611139499
205.257072262
319.124136993
136.150435157
-226.151354410
-301.511170090
-374.540988261
577.383531174
-591.313306650
-188.153505807
-392.792440363
472.913769938
-345.928607040
532.566081110
233.938691454
421.122131943
468.054356140
-551.109237913
256.167869345
363.022384840
-690.092619216
-548.450014217
249.383253793
-488.169531689
586.161506749
403.668933299
485.700006006
258.618420790
-557.880452109
519.442097674
-662.282279773
-421.432587959
-321.504448159
-269.125348698
505.468292256
-630.460797518
350.993252286
-770.858207998
-321.509091156
344.893383934
322.860748554
609.568080641
-614.219658613
-618.469627633
672.410564375
346.289714050
486.231266488
275.204005529
-431.151863310
602.041456278
369.124361547
485.977416949
333.006311700
-620.204223482
428.313281033
-479.659819895
450.711093959
427.065730666
-499.544387316
341.807352498
-500.408916921
-244.661384726
562.511385216
-552.010875772
-358.289762048
-570.859012470
-708.563178373
-435.047307233
-261.006218323
-604.161554614
-605.204135704
-609.085384913
-295.822570938
304.452340290
492.243158489
273.191271099
-632.832317577
512.216922795
-363.221902578
-524.426458159
-311.252338782
-415.805656208
620.709016068
-593.334163280
-735.681574478
-749.255126039
298.338713275
-313.583650498
670.318861159
335.565621223
-693.902302870
-654.836487204
401.781543918
-586.825298393
734.515775521
763.436448212
-225.425153596
-602.598384220
598.690687528
371.574783375
413.310510296
794.100212372
-529.187741792
-277.707368859
-647.359387543
-679.651040736
-772.444231884
587.558445691
-603.031570911
-495.397054206
-207.785510301
-857.660143580
-546.908201298
639.748673199
570.292602523
499.978510577
-507.512598532
246.509509728
726.289583885
-691.981254594
-448.008735079
-889.536134475
630.163568308
489.241118824
-732.325784361
-754.725744178
503.558322371
467.692163257
-609.207181848
-709.991684205
499.768237423
-366.212390713
647.592423312
861.578447218
781.481542708
604.692936886
-653.875860938
-594.175426613
427.202394914
1299.078430486
853.342032884
582.152523306
905.848496755
-1076.665407272
-898.138704423
-451.695464609
-845.509609354
696.299968970
569.383763267
789.679457988
865.856865064
685.507301256
-506.829172452
860.430413644
-867.242674521
-775.378530924
-888.642392062
-805.626402047
1032.919329840
-968.108576505
-823.049588410
-680.961336320
951.471869528
930.378480612
794.641443499
-783.338908970
-955.173739934
938.429342021
-898.350397873
944.378435587
810.538288115
-616.134321592
-851.511689589
-714.912075455
-785.341099269
712.043289834
1011.753193239
908.076652547
504.898864110
1175.605763019
-860.535076131
1123.776088078
539.901552124
947.780337118
-766.006326612
-783.204666423
-1112.762638701
-766.715721272
750.810199007
933.461250082
-926.779747398
-1033.598693723
683.317772242
925.297960901
-757.168935645
-752.899628304
-475.518853553
-950.415366873
688.101893086
529.066211110
917.305966232
-799.464872323
-755.282368578
498.193534711
969.084178368
742.475225927
329.051241360
-892.416104812
881.264761682
913.791477636
-358.024479541
1021.452269619
-678.389032633
-357.341104264
997.091661510
-767.315924036
-830.278244253
-630.684640074
-1118.936585853
783.250535283
-355.544819328
-842.006872079
874.818266108
924.686798897
-425.042216250
-765.052308795
706.449117275
-322.024558963
908.339285291
1126.807686058
1181.323017219
513.477038560
-870.090497252
722.882771954
540.770704432
-746.280354914
666.318081488
-1012.525196634
-740.323107811
-1027.971646970
1077.196076136
-622.215596616
-887.975585232
631.311059540
-808.908734646
-361.097043934
-574.849388622
-930.649819778
-679.985144088
700.747360382
-624.725981298
-1039.682280065
372.820865155
627.041054987
764.924390415
-579.922630372
813.225794367
-645.687050736
-794.367408635
634.095996399
751.750561611
-655.319681577
590.722554682
-829.229748329
931.910936757
999.826166605
405.778113913
-527.648644890
731.434199521
-825.449579113
-738.139521342
-617.777153997
-899.336810684
771.405325914
-623.044287150
-602.889160989
468.771084189
-552.456271726
517.486324866
-946.592138085
657.037730239
-619.746039376
714.156142602
-458.322714841
-661.495739026
620.953315616
897.867850206
806.664392930
472.754801780
-832.027095132
-638.315120452
534.382538367
-620.484983147
824.141701122
859.678325912
-689.699858660
-579.224913848
-455.350291934
-692.274890220
-574.883092673
-567.077170284
-810.342387455
552.474501217
520.805224213
739.863719191
425.055072965
543.232248083
-899.200053657
733.800242140
466.881390601
575.907661448
640.508085536
512.664805294
841.289138718
998.057079143
-558.021091729
-479.720577292
698.647960378
-297.071990877
-210.907774551
-562.289285067
-500.043784256
564.095861082
-476.221019753
-438.406759570
-300.770570763
329.387660251
634.361464340
326.613984920
395.265605426
465.988281859
221.902533598
339.287456458
-96.394824496
156.865750170
-309.285858109
-311.731667302
-228.689147143
284.066539416
207.035741528
122.170356777
-457.871166032
-175.582258628
290.517798472
515.145264728
210.045936896
191.734217011
-629.403948993
433.219872121
286.803910397
609.069299417
715.725932826
-562.892969527
352.848415187
587.048109214
-316.030183361
-615.863740794
-313.761862645
507.668489728
848.183851633
-343.231004567
-466.703585819
-229.549415122
-338.294492330
-589.483267963
-679.617333075
1033.674222624
375.495920754
469.874656738
-350.915916537
-477.560870777
-584.389525035
-652.407507935
-560.280583176
-395.306659065
396.347423897
877.688757698
-694.454638427
485.603181973
-606.011466370
644.115506031
-525.082595539
-517.195321690
533.755212980
332.431084467
-562.688097449
-496.716535304
633.317412569
428.085493016
-382.296601244
898.455424697
-323.394867354
-523.987425311
-439.779963183
-371.190102712
356.684188968
469.204938073
572.910319172
367.564153091
353.378446839
251.477776297
487.614313032
-384.393302719
73.177860372
368.830704499
-229.652832094
272.538618648
573.932546225
-237.905930450
313.322212534
129.376825454
406.099507952
-244.462660791
383.169081597
354.697103644
-274.127590529
467.186468088
-195.840751885
-475.302409859
395.149953786
-440.831195641
-506.182495451
366.462940730
-411.919460688
-160.301862129
464.796352150
207.572115541
287.812135802
-386.825238885
403.360115723
-208.467152615
-231.653775271
-431.325078926
191.881938106
128.800111030
-127.337523435
-414.348071651
606.285987694
315.583046931
181.493109308
-320.657977887
111.562761670
-122.832859630
-207.041035946
250.888082558
105.026233284
-402.031545069
-478.542080119
556.048509439
410.369151630
490.379015881
174.790355432
311.774426308
-184.406847479
231.795505019
-672.732278603
418.999295391
-259.636258417
-200.164734338
-110.873359224
-518.621573509
-523.125987229
-182.190717376
315.750099783
-172.389021161
310.090556510
-420.005666059
-311.498035085
178.215535000
-254.519808455
522.689666009
228.597395578
677.686793910
372.133403670
-246.486248200
-505.260294165
59.333784639
-115.356567490
-167.797531604
302.278142687
-208.776461463
375.854570857
103.887739720
-208.428924197
-334.657929305
-24.406262301
-42.169814110
-72.373449707
-240.538099207
74.380395112
27.627700016
9.832853923
242.504073393
-138.003262673
6.420841249
296.479524156
-57.290945705
-247.011026020
-181.973493231
7.940114104
-18.722777462
13.710342247
495.122864765
-33.915557766
49.015547186
-47.249475970
42.842365824
-156.960335349
191.267621497
-59.691932982
-8.637550068
-24.720523355
257.509620007
147.245439136
53.066544848
320.709866595
-144.394192206
-192.646972309
221.810843903
130.126637234
53.095214576
463.427489820
-118.111720397
-173.605882612
180.776132034
313.361136246
254.915145211
-646.333308299
402.196565048
-115.480949300
331.070450873
-315.060456709
136.967324939
-293.654678915
129.328688073
304.715167387
260.668105358
-288.552980051
112.435298180
-93.644728289
-336.736715845
479.974007667
202.708491718
403.871447186
-356.967675272
565.484003279
-715.897674699
-235.186818113
393.121355419
246.093410609
436.469295775
317.527015329
226.773898704
673.074073952
-437.705097498
-484.654954481
-301.158083456
544.574934806
-372.194093222
-162.316559147
-703.590061457
-145.892852432
149.597117168
437.915175001
798.899365643
-949.967448780
-315.885775451
-661.816692770
204.669170577
140.495356913
306.632116303
517.063410150
576.851363722
-277.086245349
-472.144570359
393.236677190
-532.430586376
560.719628539
441.477567716
-664.898275738
381.484190637
524.652834159
-572.173625057
-119.509050425
-430.806523386
475.453039569
-771.685908338
426.489424803
-908.451465799
536.783217288
-469.344941566
-540.074547998
-629.703799244
-656.858174279
416.448849866
-427.433713944
-467.470384277
285.462155352
-818.489715283
396.611281767
-424.987452659
-757.949628865
-618.699870618
177.145452537
-426.243933891
-367.186033680
-335.347502996
387.661900963
433.069003422
-474.950711103
547.955220008
-333.037977047
-348.136578264
-327.219381743
-578.965147620
-344.029138317
-347.572701524
-135.893619271
-379.311170833
269.144157289
245.797508828
313.502587034
382.704457571
580.145988255
163.526911812
-552.361987738
-231.836393700
-235.360470592
-325.937847259
433.544775599
263.861060578
-179.805943510
353.255101580
246.708793608
-247.165544119
-525.427617069
-255.762184053
-341.669003183
498.079316105
-530.234560582
-223.065784026
368.657858812
330.920052670
-636.551097480
415.444604195
-430.809695983
-270.861478761
234.498796641
-253.032945214
-674.761727384
-564.173303806
-389.630380238
430.409205836
379.228534553
-118.158133083
127.536087784
-384.101179039
-90.538195512
-222.299671003
-123.466297412
-142.634928582
65.170679592
-321.393830554
566.040748080
143.835609200
-288.620335558
-166.562584613
-265.393954386
24.426812642
-319.511300547
44.060613884
-97.981509061
-405.102467182
307.782466984
124.368456046
-277.346618412
583.673288215
-209.045762760
-26.765626291
80.962698784
-100.567493480
155.679794203
239.048854574
290.660313190
38.977236904
-84.719481589
158.289238269
-231.610736390
-40.220465479
278.963460951
-395.106959347
-117.048157867
-486.549488294
30.224802812
-19.046771344
317.807492036
-1.346823495
66.016954762
132.223241343
-246.754303798
-83.731869898
189.378107751
-358.570713031
-133.266089293
-184.837893370
260.089200820
417.893778681
-165.112774806
-342.719007914
-176.533887100
370.679546266
159.958049291
-430.635617223
-324.755728224
-360.296661241
-128.051290208
-222.552390037
-602.061287061
255.458597185
-142.765641523
257.744238064
-380.626554573
-364.508509530
544.849186122
352.455166568
348.220374636
187.890660238
-301.287418576
297.659527145
-503.526249809
721.075787134
-711.968508229
-639.153602146
-542.917293589
-701.355394682
-643.767882917
-542.203974294
452.414381032
-655.187026430
674.173794257
314.538944078
-547.933504453
743.897841806
-699.669803087
756.818622980
-388.646791734
490.140319123
-708.385760898
-650.036308669
-848.333838280
-700.429567204
496.279624383
-620.510848322
829.737706011
584.441863850
613.028320762
-537.251935883
510.847805230
637.204245869
581.461982290
-841.190167250
-693.088631219
-590.470326286
605.370548959
-605.158411764
740.239571039
-676.896062797
587.835883586
787.560442649
572.421087832
448.226037829
492.945546590
-809.322441021
-1036.650993035
-543.286085065
619.116764039
657.672344398
-357.654018606
-687.765217014
-612.605673941
876.436537510
-593.271837099
750.048457157
-475.632745805
-446.789527703
523.907886104
551.661691062
-599.779934905
-502.646500812
-475.901025589
498.628075638
768.077664064
430.483012476
417.410743479
605.033339347
383.501702187
-412.557006325
-499.295438789
250.875063004
270.423690676
-516.653983481
752.134100794
-324.162433059
345.524704137
428.515343001
365.273384235
442.734903149
494.142640054
778.078563058
398.446226511
-370.900729569
674.323596635
322.189221394
437.077783367
-566.808350283
-474.047518090
-505.734423266
630.679852522
536.282654345
-347.887520701
-303.611148090
-523.178640602
415.368734089
-317.846680930
-493.641214608
625.578456869
-583.642696059
338.826106740
600.041714134
496.721692952
-596.118823771
-744.219826323
651.689039433
-673.591610763
-642.924889608
-616.781947012
-460.411264306
316.225409795
-428.061282840
408.632749942
654.733781334
-445.749819930
606.953232933
-708.350978710
173.607997177
389.941511613
-348.068000925
-408.202998589
607.922610587
-586.872952063
-542.160466632
-271.018878394
433.339700255
443.018014350
365.052001949
-499.594754024
419.570572000
-693.404714313
439.505680369
-445.765523554
-397.270511004
386.571220323
302.985476906
-468.035228334
-294.114133885
175.068440791
165.053409115
-296.775370450
242.941897279
-218.443574142
-540.104925006
557.114669647
342.675700628
324.255914114
143.148825128
173.691400396
-483.200166213
-260.960702430
195.631974731
201.821146574
343.365221894
-287.467497859
474.321539636
142.919185906
-302.431569419
-176.168170100
416.186921044
178.595971676
541.428123145
-263.053822136
-148.230114738
316.943716272
240.241828980
-190.042303526
-365.509411299
280.715952093
-195.530857460
275.058248075
253.248425136
-530.223925144
340.741281699
-566.687330508
-140.171626056
-335.114716095
205.994156860
-231.312647410
407.567083417
449.955467315
278.932252691
-157.506846518
235.828303130
-414.608146157
-587.328784114
432.410960009
-272.517043663
421.540561487
392.592311602
245.958391827
-189.485130712
208.539296423
-451.799821031
517.444657207
644.594051810
322.512472675
-654.768808616
-367.186059165
-317.711845522
374.804289037
405.779903210
-450.713873344
-240.470745364
-536.644492049
-538.021832991
-378.402813661
-700.090380069
461.527154267
-559.697462462
392.561343597
638.581004184
-574.106625061
-496.159505056
713.204914710
-507.150566784
-371.234649938
630.816133111
695.284540551
700.507019156
-506.646721103
539.178406155
-469.122493350
280.318393658
378.726384990
445.729953783
-480.621023083
-536.492971421
377.320976364
427.345131303
303.487994484
-247.466206220
897.542858895
-562.408806022
314.043177167
383.283798962
400.371626089
595.063282778
299.597590473
430.760570958
-424.832792598
170.385217505
-197.269451533
725.501770313
448.319594289
-317.324507020
303.463572623
-406.384528939
-184.604029913
202.554980934
-286.562862018
-456.527546854
413.547733473
-256.025190538
626.282319404
280.267140880
273.757374886
462.181052603
-717.122064328
575.360383798
275.593166681
-696.505669168
480.865908465
405.998225623
-404.695357091
-304.516410028
-252.132377064
-466.843850104
-300.521263993
-473.261212670
-490.612507874
365.852706692
-544.236944621
385.569437432
173.955340906
162.359397588
525.834583340
-471.072492145
-432.918074933
-233.518263407
-88.687558271
-190.898962765
-294.628541325
293.427554558
-387.165691207
263.904936150
196.307874737
-378.388515316
-274.800911513
-415.974973938
-168.522761375
472.729745483
50.280252946
238.680238710
-235.483580528
367.442039167
-65.393135452
381.972960075
-149.920866464
-77.875162265
427.043387274
-254.775650759
-93.367201288
27.607856849
-124.753124486
-31.384551003
-161.421130480
143.451637909
209.718513108
-302.591349626
28.099065786
-258.339137603
-466.045232042
-570.235256485
34.756884613
-118.393459691
144.863591707
-10.314088028
155.549926500
-124.063414181
-188.808724274
-18.850977155
103.168710533
-44.019892102
159.665768949
-405.502429931
479.012174903
-53.839164139
-204.740534604
-326.432035141
175.579650847
-240.183540352
-293.905244634
-444.529503856
-186.858510780
-360.974261157
-337.599534689
226.442986314
-243.819172152
536.974809738
-543.166119134
19.698772797
-384.324888259
441.543193728
362.760645504
-192.669733272
-519.539231109
-489.554860211
380.944751605
537.205463387
539.494759284
-535.608156576
408.275966934
615.678375902
-696.449582200
594.647459681
699.067200704
-455.503736612
608.019602265
-311.329369044
-473.355509553
-497.851749817
-698.402642896
-922.583240466
790.487451294
545.822528857
-549.965186111
-393.061317493
580.822492358
-546.952944031
-572.549943176
-476.256435008
794.943454160
549.744199339
-734.488366688
-760.682082120
598.185169058
779.484447613
-787.848460298
-703.557084210
776.167272262
444.305496008
894.490686881
-805.727257023
656.938455781
-716.985556215
642.119804297
676.650661413
283.955973300
845.579584256
-632.063535291
-787.627404517
774.145144739
-671.774951071
783.053323164
368.966244917
956.127935559
682.748517875
-942.823419476
666.808212389
1092.331947421
-1078.794548306
188.939488504
806.780687878
765.431624421
-993.357775547
746.953746837
-915.750173559
868.938512508
90.784269551
-961.860054949
728.237408357
700.072084298
-867.979074994
-814.253866442
-669.808672417
-28.103290886
-1051.622519967
949.072202887
-878.748853027
594.404493577
845.202591542
975.821554015
-176.330118323
-752.301411291
923.854222569
-1122.058382680
-705.590964663
-749.696129038
-1047.261380225
412.510054755
729.507108618
-1008.146964557
833.184163961
-540.500755491
-841.804621354
589.377673705
358.629160396
783.989176908
-1149.971814814
859.444141947
-578.002086828
847.715937090
665.209196581
-589.397428238
-744.456656386
-1207.567078458
-726.972957170
-670.819178142
-1050.149169247
-897.476516045
-589.336687015
693.404200979
-1039.927482953
-789.086518804
765.580429401
-1054.883527788
1013.641199008
716.457296823
-610.485957336
797.422912175
-771.419850958
666.528062692
911.323194017
754.340787667
-432.604094102
-604.926396482
880.381679348
926.082232370
-809.186118152
-1021.398557409
802.214049419
474.179118650
-597.008592641
-779.878636115
-1087.587982292
-780.562846456
-764.295455998
844.603375109
-802.614816170
822.099800920
-669.105609332
889.506242471
-810.399731810
-834.184824461
917.670902156
544.954237504
-775.860602992
-827.535687990
-786.587525958
-759.169155414
-1157.742450759
808.311934294
838.180212240
-712.170215369
860.150905791
1020.981109883
949.324849490
-645.964182832
886.215168972
-606.253485950
722.194470471
-565.117462044
983.135183717
-840.401691774
-732.293574518
750.691198542
-773.688295505
-863.193504977
-562.303344860
-885.456555456
-656.311003443
-639.293406037
-676.419260423
-832.266677816
1041.859976036
627.954369711
-1115.487245858
-623.306792670
734.600153849
375.057738217
641.247216219
-683.913068000
685.277949554
-800.559979398
-481.212943506
567.513149535
-695.550253859
-512.356236462
-549.286130503
-874.910680350
636.464239903
622.782846456
-937.047350287
-553.560963317
470.771355161
-663.669150597
521.961992935
-504.740439987
-378.384537650
532.407416029
354.998757702
556.552234483
707.318324482
-519.708584484
457.666045603
-350.511218870
544.856946816
505.888605252
-412.844150671
404.666173728
636.570843728
408.038340567
329.029033586
-604.026196683
-291.293441720
368.150640531
361.595236947
564.015108280
-412.580968081
-395.115901987
-320.973278613
-246.145842116
286.013379394
458.987667053
555.694919046
-432.133552530
434.802383146
-427.294882220
-270.945342810
439.485579604
352.776668325
632.209725116
-626.978525926
-325.842263320
714.499879096
418.307986407
-507.789750817
319.849386076
-491.345893377
-556.695600555
288.189898329
616.589024555
347.032595646
480.990395153
-617.946805330
-508.540938462
-690.636186678
631.272610663
-632.443032404
409.933812155
576.494162134
619.243660366
715.728533125
804.903110454
676.494320781
-555.654487207
410.672835068
-629.613028051
-565.598048868
898.653315733
874.388106204
647.972727349
-482.749871294
636.862726859
-716.955552678
889.770005090
632.999792821
-775.217841546
-853.432599458
625.983207679
-545.522280621
-835.677085931
-967.046917415
-832.025562558
-900.155747862
963.819143619
793.344698182
-895.863957570
755.791212254
897.890394651
-970.412083913
1011.689141757
-1128.892790179
-878.775939660
667.912907904
-1062.409987720
-1049.555260456
-872.834355984
-986.523175831
-950.469881756
1024.834963239
607.352413811
-863.059003469
-940.120165150
943.198221736
-913.606265223
870.349318959
-936.160006013
-865.399705078
-911.292857606
-945.009119321
-1089.985030231
-904.154555278
-1006.838697937
828.713776416
790.556584473
1242.476017328
-998.753737928
-1288.488602082
-712.555907469
-1174.580246314
-1060.610978585
-770.655621116
-803.855824658
792.270417578
-1267.973033294
922.152503851
897.572315178
-715.199491305
-844.017524764
846.781427424
946.963717635
-1024.337396649
-811.503156761
803.073630302
-933.195610305
-841.271727991
-1083.498356083
882.339612652
962.850033166
550.798887566
-932.289842714
-1044.225450625
720.860790163
945.353964360
800.434373075
-821.452474621
684.033582109
-756.415545742
-812.124596928
-851.818649888
-737.388405369
677.347784105
-816.130651629
-435.058873861
-574.775838588
-664.274231028
702.263292046
846.552817092
-763.860575005
-789.581033204
-388.032786081
-840.628787983
-610.043035714
-704.860882741
810.779752973
694.824326449
-738.883818803
464.107227189
-997.717041968
680.832707183
718.255802646
791.637054140
-619.192542111
677.382757331
-699.877339012
694.435903086
426.221678756
481.015491423
891.228910472
542.114020782
-503.149334764
-611.591436567
570.798282255
603.941507497
654.641227540
872.062047193
-457.869461524
504.372838873
-424.919653074
483.751242811
-466.450692304
758.257615891
513.615110409
-539.193390309
410.391251968
607.742654757
416.695716970
-514.137507158
272.227148357
488.649774293
-569.261308216
-484.313789771
-458.269437530
421.572419742
334.521911893
240.096998815
-603.610101879
590.368586482
536.416885448
-486.296401635
-435.630464685
-342.363396970
-263.621525647
-516.502554459
701.001563799
-779.356742747
697.131229291
338.698830476
-492.540715721
-481.534110808
-518.359020820
595.586514486
-611.666541078
-462.455999142
-592.472857785
-490.318250935
-416.169373421
821.205457832
733.415098985
584.582800504
-718.519151519
-728.814382151
-315.176893519
611.929759604
-750.474202869
-452.696242906
-546.924516376
526.849037190
-355.644670723
341.007590703
-203.242461285
417.644357057
361.166595761
777.002629805
-351.228019285
-548.183659852
219.386337351
186.369118323
-554.553597950
-392.423897950
502.347780281
-617.274796297
-548.431174295
-651.753667241
-531.467387997
386.493339452
-406.314470302
-630.267068781
317.609005024
459.528705313
-240.140634143
-153.017947166
-522.956966090
-402.900888555
485.484610286
288.360401397
393.239978943
-538.038141515
-127.614753511
-370.217623792
-115.607355927
151.543496211
344.645063128
-275.423533149
564.430872532
-170.683721374
-187.817024009
-98.532476052
109.787408837
-270.724638765
-104.825113490
-167.722881819
-98.544490697
97.521087594
242.938789793
111.590932974
-187.996893829
22.820049738
378.470446258
152.032585478
-296.527977991
-96.087602233
510.124490903
379.488834083
36.280588574
472.564858052
-127.816852560
-327.822217247
-284.263301211
-294.568423440
-350.306951538
-203.547648863
157.734820438
281.062845908
-194.421215632
-154.788451738
67.637947609
-47.903587866
-215.048939980
219.781955652
353.153515859
186.866847635
-265.233503791
-223.114847076
-80.537763173
119.415615697
-344.381538689
-239.070043937
-534.882518131
-38.153361708
-111.098640751
-238.831188436
263.601091971
-349.677276162
340.453657550
386.296862746
208.087867655
600.164921625
-325.526023920
415.874552946
-300.777558926
-286.573455259
530.905969313
-458.834340182
333.262494330
372.197381815
-711.062401585
-588.650138276
535.299052095
-579.444331066
-331.543142265
-198.384304414
392.066122031
648.309601311
-272.255707139
-530.254097577
-624.924594579
-782.748307323
-440.453097709
816.576198955
-509.996385262
389.323422042
-577.981238144
640.689012275
-465.189035471
345.932780062
-550.669126699
486.346157329
751.466702991
456.198115374
624.793744753
478.172189898
547.155844763
-451.330496817
608.373916389
-652.660306959
-563.285124565
-708.551779990
-718.111715767
-916.740451802
540.156615483
525.428318790
658.173521496
-812.803024973
856.101025906
714.097747972
799.420538350
527.356108595
738.138127576
-761.687480534
592.615296586
-559.612784020
-803.728524426
-580.369470330
-795.965539499
-888.980387755
751.964356407
574.240384876
486.091858964
-918.296516020
445.782300588
558.030195553
-672.328781461
-563.344684451
-564.718349495
-617.709436216
846.230192447
-359.746758459
-414.622941460
687.889606277
531.987176585
-400.788207757
456.215523251
-796.953574505
-537.194556210
681.916656996
500.446493376
-736.938436996
-410.158547100
-563.667234342
565.619616043
217.170589281
466.141898099
-593.240825944
-630.385803159
-438.887813409
504.645071678
-567.723295205
-237.266849451
-408.520384952
-548.701640653
652.521575680
545.376852405
639.774534397
-625.980870904
449.164574615
-477.333941240
523.413602867
637.294505238
-428.576037052
-564.475115119
550.103407594
611.442804252
508.824683935
-411.533971199
-683.778844554
-653.385455306
776.619819071
544.186749778
-426.372078408
527.739824529
-656.802327840
711.961699538
614.915104350
435.070822493
319.966900668
-633.456355677
561.142250719
-400.272175953
-665.539526368
-618.233155858
544.129279466
-421.372245600
-753.990550611
-499.288412700
246.659384273
776.052064567
-540.196697449
541.407064810
-616.273056163
-709.994204548
590.575377952
-558.882929917
674.964344521
437.013411386
-690.076067479
281.869679105
687.331841928
-523.286616966
-316.810430665
558.284890908
394.413709099
-633.748683354
268.074586077
482.454276019
824.060796890
442.292423969
248.867361432
541.393359509
297.990302441
-332.686906952
-437.891940485
-705.943734027
-398.324660759
-504.431976657
529.306946618
178.338344971
382.923118257
380.689263172
-347.837054293
249.286362665
471.515794146
-406.705060216
371.696204542
227.036037077
-195.150574313
185.209833081
29.583560429
141.974691433
333.914069144
418.967831549
-88.867248025
-86.089825100
-12.666761474
-346.819287993
-222.499385094
-291.413913380
53.781626129
9.343587515
-140.596841261
425.915777517
-71.292548053
-67.417429450
-40.118159224
-235.005316111
230.432619113
-363.709718892
25.958222841
76.806695559
-157.827881928
-242.753726569
18.784938230
-147.787635698
-220.566822504
400.059828355
1.426448731
-549.821646183
363.603960134
216.813000846
-244.703823087
198.982740159
281.597732769
-199.889055768
585.783509793
374.961855125
-323.877137168
-72.383657201
286.288631342
438.761177370
-362.511018675
349.178688411
354.764150837
537.424847765
-116.294470326
669.747710417
371.342094542
-350.484401671
526.279038049
483.778713450
-649.027153468
-219.736338784
-281.312045285
-687.576095597
524.782163463
423.614880814
-413.981494203
-432.341457929
357.337958811
-525.536722068
579.429068619
-399.078197043
325.767664340
-474.394098098
-385.777769418
498.591043168
-342.983030706
649.387940988
367.693739343
393.995697345
752.265652938
433.682112163
-85.747947314
-478.431594373
340.677852496
-354.476425667
486.742107537
-396.530363121
-438.536424889
-52.924102952
-779.682941257
376.684989469
384.565559126
-499.982140278
-495.851619599
347.387022217
-364.932654009
484.330135872
489.021318653
531.699282956
-447.679589122
518.862752889
-431.196887905
310.241897871
-432.909340039
-405.781351263
-550.721075543
382.770653337
466.958881750
-445.399452225
-261.546387576
-692.204581069
669.528312863
481.779181366
392.705967499
590.761742272
-397.828924752
-518.191302094
706.482243088
617.954970161
-772.223365055
806.763432832
731.126225868
604.954976986
687.989521154
615.743842389
644.580962002
-539.200871386
469.764213112
519.092412821
-658.468252356
-584.861875013
-656.877371568
587.156211052
-561.144572672
718.825262496
545.151799800
454.214995191
-621.557068237
-581.414286953
-579.113473759
-615.407588647
-472.719906924
323.586082653
341.810427491
693.996531842
429.944404538
-349.547013991
-658.216553479
419.668941106
-426.004639741
-535.976511300
479.774535671
395.047954514
-339.802404714
-544.599980421
631.918395830
380.124606224
369.736553861
-880.326372040
436.069671401
548.874117521
-318.151767103
-572.586725337
-266.677974786
-428.595093848
-474.056973129
333.665299385
363.634020112
-226.170096124
-286.361410969
-176.645233112
-271.831935713
-187.517674742
124.372886894
223.489243592
427.029381813
149.829090713
-163.366490164
239.542881743
-135.164420214
-309.043965805
-239.818376246
338.024933560
-118.499038804
0.687450020
125.188944394
-189.083272397
-266.250558756
-139.325806587
-7.290820610
-155.092186140
80.396376831
-31.769997324
-421.164707939
330.930018509
232.470008317
22.549707418
152.410137555
380.938788080
37.280039547
-452.287486964
-411.125312102
439.297169369
-238.307542617
716.324386811
-319.773465207
-177.042405317
257.632491938
370.981856305
391.080414128
-326.026543185
184.637635573
-202.964185012
270.949886354
152.385219880
-269.003287411
375.876666483
-640.966099334
-488.401369392
750.386898853
-108.473002369
406.226037955
574.912822328
316.181865296
549.318543825
-362.094880757
-173.412769500
-381.554046546
372.783319957
-531.383086770
-618.805434767
-137.196591053
-305.243172158
-295.014387924
171.622691784
238.210448815
329.436140311
232.391373099
-246.993118971
436.378192988
-107.866039058
190.978718454
226.523051956
217.762745975
372.413539257
310.920710094
146.200554734
-329.845300336
8.710270897
-99.376266351
213.109594098
309.489241451
160.989855039
153.223570985
-174.277075924
176.012993018
174.452986905
-432.732180131
-393.183686594
196.249938686
-130.657368154
-181.208703948
8.017630570
351.137701818
181.459127508
116.874176252
-168.936003495
232.442312949
-98.900073266
368.295171534
264.298869771
-148.710084903
401.070569772
-216.667404413
-297.055523000
329.125751638
89.643437381
151.452240115
315.483865607
-370.740973837
372.009381538
-434.771497525
341.586625661
80.907834221
507.566693798
405.532144184
230.855295438
-117.971581759
-524.712662695
-323.134093951
-165.115821063
-313.320763807
-354.697367045
422.633335260
235.205054458
-300.361293805
-347.032965691
25.503858339
493.552896085
485.783950310
-432.776365924
-300.219634435
-277.214032878
312.950175435
206.671834643
-235.576910473
322.188669002
-310.119569598
545.086954819
385.508440021
-176.752046272
-345.850349910
340.044451388
224.129523090
183.056269628
176.353222106
-300.706480345
223.132117397
252.365168729
345.902936805
-574.797593642
-600.252613477
-335.452311048
241.329206808
-319.603442969
228.762907670
727.731848502
454.145328067
-533.116813497
386.353865026
-658.997790863
-704.563423810
135.592018588
662.042422145
-403.719451173
713.167242780
-414.494822956
249.282880840
-344.747288815
-312.973864043
-450.737602072
-615.926216596
560.205793891
570.061716269
-680.073886218
-362.552116770
580.114355586
653.469768883
626.613256234
662.488827500
742.024882157
647.607108455
-583.495181024
660.233240415
536.112059480
-592.769558452
982.728410612
849.879966066
471.900017181
538.248899879
537.462179696
-822.422419926
856.697387524
-525.214805187
-783.332600602
568.961375957
-938.541079554
561.691039831
-652.947532469
-690.590160066
794.237281528
823.855260489
970.419570791
811.766635637
662.574730195
-556.587455498
-714.935091375
-606.079202918
-638.610222988
-669.171139517
-542.514896541
-744.883907640
454.342039520
681.453837474
-578.364357945
-601.340054086
603.940688178
521.155628800
418.834949680
369.818131249
-618.456533361
758.581241089
-633.943103974
-482.257004821
-212.543921053
498.214444553
337.585309177
412.764826810
-694.810781857
-374.166637314
338.673350059
-459.806231105
290.925974525
-451.089567134
-739.460990652
-500.241335875
-335.166878006
341.469015163
169.334352319
394.323460592
-358.480951581
470.434799861
372.048537531
-265.683253162
-219.004887888
400.015413831
696.715520871
283.691284749
-303.239260204
-215.137384187
-217.038720878
296.807464081
190.378917837
428.185690404
370.243661266
342.086467669
-459.469522913
607.468587832
467.303620995
137.149019944
-257.862458495
-338.830611061
245.971329708
-287.065827715
-435.488461842
-338.486472639
-277.250482464
-259.964588021
-561.130173691
-340.386883520
326.889056746
377.542546876
-432.121127224
502.248815261
331.887792118
-552.885393557
574.151240536
-744.013130834
-387.671102843
-726.988116430
756.335554965
466.678632852
713.820321590
419.515805364
-179.777232827
-337.769557182
633.290228257
-384.415413531
-212.521731704
255.238217451
-455.506667866
176.731982732
-301.764695424
596.779945060
-388.395074337
-244.543471958
283.577877939
421.312233243
180.893654647
570.890614702
-201.937224286
-147.187995793
149.907775673
-116.390899170
290.959471513
131.400583252
-377.877350543
-470.692897661
115.169067082
88.611067752
380.567057558
-111.089567266
78.131361674
-164.323710018
-121.713399501
-111.756647660
-196.628259020
413.650437979
269.097406456
217.605508539
138.880473391
-284.044859665
-112.381718714
134.714092190
644.162909425
-100.591324516
-10.174081909
-214.488621199
-329.198870735
329.512219740
469.959159279
279.675961616
95.254464279
-180.413982159
263.294872179
458.439116941
-198.806021975
253.882745339
376.172471972
203.119257856
-155.887832260
-334.066334256
-269.499268620
-543.400180152
-521.825917550
381.731205391
154.137322832
263.360741217
-258.728740219
427.156082370
-188.919553539
305.047623132
-316.706519694
90.663013237
-224.092614414
555.130326302
286.464442703
-451.237995859
343.387883367
427.845710025
-243.781647186
565.186198122
-379.024936006
492.987501246
700.659437796
283.389372479
496.045045951
-395.016830857
559.647925995
-492.914406744
549.208194902
496.956257722
369.043015332
840.065149620
-312.139437787
-431.946089892
-574.274835542
-466.018799228
442.758311910
-318.054260798
-460.219961087
353.148980524
846.301161106
679.892955089
573.460723329
-152.086051713
-335.746518667
590.449482518
489.467983820
653.017792403
-451.109886597
-501.561287177
190.499398549
580.258688174
-769.204381928
695.719206432
765.846871424
-431.749132656
628.727376171
-305.380807682
113.419664373
709.032039495
-717.211670780
-459.247696116
286.597652996
-470.847017141
380.011143218
226.746665153
-453.993774542
458.163413814
517.848017388
-256.652872548
-435.701933427
-200.636034315
-221.381891931
-486.548847433
-601.917019656
-491.450439628
509.926499266
949.774308161
64.714932888
51.091637872
-643.217121687
-719.938335013
-698.965527670
54.410451211
-532.774150032
-246.655788406
231.723269351
604.385493338
-550.550369344
-553.541394677
-265.143073147
527.468348956
200.886029620
-774.654256683
-678.846774770
735.698203175
618.781849598
500.784390819
629.375240771
-508.053183726
550.076833469
766.845204663
-751.901814169
515.808614963
364.737628896
768.869069512
-481.851186960
302.417183454
-570.391665822
-694.691654238
529.026132741
231.766005885
821.384384834
394.257581804
-262.086234963
932.779916893
594.164269940
811.278022972
-275.211357491
871.565190436
365.421454028
-617.248080933
-896.423977098
866.685330682
746.370411284
568.466610025
494.894233584
398.489698933
-491.037298047
-999.123721060
1140.668055814
598.460166296
-559.178286274
443.023436406
508.345923920
744.136992306
1022.098345043
855.058699543
-819.631048656
579.601003001
814.224413225
505.318400157
-726.181862000
-920.068263476
-1268.404698031
-780.864605852
585.628655791
-698.440218850
791.829819192
814.776633736
-1309.013360441
-1051.546748861
-681.704082849
-767.653110803
-1037.016657188
782.362935363
-892.201111927
-874.151761638
-1128.087322062
710.279827349
-650.757614572
756.855091496
-710.175284216
-826.911292799
885.585647713
-994.414837294
859.055505847
824.675797613
864.533653807
-922.053279141
-1017.224802584
734.793263525
1041.955219052
932.578011260
-669.309988001
-797.477703427
736.339413258
773.435759553
902.519533621
-1171.711626293
850.447348280
765.000792622
713.829714222
730.729502585
612.170639136
675.265423450
-887.958901948
-965.277406798
632.560808921
-869.530385809
-1107.677141823
583.544670262
809.393063516
841.549107204
-934.299006143
695.515727399
-618.416272347
956.202695534
-455.468740788
637.481538533
1109.846120511
-623.993907179
-813.701329509
-625.488646684
-582.355741695
-492.227064565
-562.874088704
647.008400567
-642.506842782
409.546335015
-359.106327161
-777.677560165
-376.799731865
-444.017570913
-544.577316529
879.370462443
-611.463810593
-532.025218702
-485.189088541
529.996775783
739.539575422
551.182138654
-633.469471675
-456.247908339
-341.463906593
-645.711053254
-497.177226581
404.379559520
940.543744414
-841.689012976
-611.069716263
-716.711575202
-588.887441467
-473.435882076
-301.757887172
-517.504414043
-381.359610398
-248.409370734
438.251141991
-418.762338419
737.431069720
578.743669001
-616.598054277
-501.221121408
221.861589608
625.503656837
-277.073520504
281.059596671
-299.501655858
-612.461247326
-659.827894076
410.013012697
363.065319699
-327.734237015
420.631917135
266.007524289
514.771400011
292.891387268
-5.862028154
518.424018810
199.949106844
-213.562814471
402.092145031
346.648636055
323.137599654
-41.792343089
390.635129929
233.451440481
291.096687844
342.771921316
-453.319571397
368.485951073
70.773999399
550.371328419
237.301650981
-692.065634309
-513.995589240
-554.898471553
-284.126851807
-128.637721055
-552.366623914
-377.808284484
-242.072915693
-529.225890088
-847.131129616
-494.868272094
-223.514195780
-435.068969836
-429.924850599
-488.723940718
-627.658878758
466.641517496
-518.431232069
177.421578907
-538.120925969
-655.044105257
372.527577354
-689.822787809
956.424225529
471.491266227
338.360629450
-667.112348322
-419.090127500
-728.805257532
619.095877427
585.089069357
-574.773105218
-465.470175520
-599.326702139
-685.476349353
-776.413498627
587.284050169
644.855109594
632.599241335
-381.899388856
615.430415669
695.800659338
651.494815157
916.942830545
933.570136662
-461.928473140
239.258870214
689.536804690
-523.138308016
-942.325093584
-991.408982632
-797.778555749
574.800742691
261.297863812
-855.051402800
523.542213092
-851.712523517
515.437580834
-754.953137221
-467.105467060
-293.956235016
650.862832709
-773.793543833
939.356856629
-585.518060414
749.467473093
798.776366160
501.227161136
687.003718359
768.241618773
776.405383571
593.437970632
-708.508931925
-676.374975540
-695.502928773
-814.496343990
-667.368230079
831.667360079
634.393505776
648.153677079
883.359378687
387.776737052
-707.068215611
-882.884099082
-921.645195162
-641.135108479
986.003647441
783.148621263
557.295476313
-717.256359377
691.321881935
-897.116457264
825.614263466
553.166110563
-799.086759734
999.154092406
708.554709053
-554.642259248
916.475873678
-778.628664117
694.207134211
801.534663271
884.499083559
734.861274933
563.359455504
955.659010389
750.556227374
573.034991064
-816.331112046
-608.269749038
788.250160281
653.443844567
-1298.353657351
931.860156914
640.813623907
-788.524533209
1026.594118748
1093.666928536
-679.187959822
959.736537512
794.655325282
-817.742197700
923.311604594
-1004.324270441
927.696906364
640.035665311
-1168.931750800
-799.736287750
921.702752764
-1142.501460728
-792.618922656
852.159212351
773.218389200
1303.546414816
-1021.313731779
-978.546077477
-913.139235432
-846.760881702
880.348461713
-941.778474472
1108.324247880
-802.758576863
799.839773004
1016.737406626
638.072861723
-816.552083778
699.785973339
1311.812071286
-893.749444425
1096.207918869
-881.190796122
-594.436065710
1072.472294335
1053.367255684
-1341.450215625
816.824438604
-1074.953310169
-835.959468340
-877.007551290
939.126552469
-884.361776467
1128.920600726
928.552720585
947.947400630
846.571948898
-641.625980340
884.446663962
-818.516991820
-1064.274640264
895.834235346
-852.906514100
-710.964051267
778.365559210
-1295.366761699
-831.896936187
-856.802114709
-740.926900893
786.354124159
-770.988807362
-568.424375946
-907.927683172
-1009.989872868
1057.286081864
-685.552705815
914.335936997
-791.748993352
767.639718925
836.769177864
882.169138203
718.610386911
765.298341759
-1119.872230730
830.815558884
363.360094140
961.494728623
-948.200859100
904.469490672
900.948452945
-961.365004291
703.293800181
-341.510312563
1032.741120061
-1173.042194291
-936.573364515
-633.297549207
-947.299306411
974.356506059
-476.954314352
-1240.692457575
-807.889401898
775.935761407
834.767311475
800.195264617
708.037386284
-484.736277758
849.640355895
-776.704869827
-906.207198766
-428.306717597
-816.883917412
773.439924244
572.338039330
731.204695535
-736.099121664
-831.515727479
-532.969847868
-573.909837484
-496.441419347
1009.080044203
-656.753214584
623.499008139
-882.462366767
-573.753388496
815.281159898
565.262387968
-558.893524449
-634.120256019
-549.135556702
-720.332227390
344.689804403
-531.802638221
502.166211990
-569.665091992
636.994850552
758.749949045
-541.800896707
326.187847022
-380.281064297
687.848237042
-639.233319116
547.872685035
-525.835694037
-364.494990335
616.423193225
486.800118525
528.416625138
503.606018198
-644.177136035
613.170175374
-432.604811976
137.040897868
-529.885781326
-565.408682761
-625.769263091
-545.655058705
379.344684836
527.993387678
-391.957583957
459.651092233
170.321885734
-353.627651430
427.952619116
428.909784420
258.149883493
-325.185807359
145.377126570
-186.411562835
298.849298637
306.811356749
182.103649040
-372.384398412
-463.527452090
629.777082175
87.163825158
-70.624444296
-113.973210158
-255.798903817
15.174784795
82.873045445
197.796538918
193.769301289
-230.524170646
-169.595224995
-23.388000536
189.056592487
114.868585319
-403.502304227
289.883275086
-245.451562955
-440.841327138
-259.103679490
-406.635111928
2.911209911
199.773560560
-33.495120863
44.723521517
-165.804481691
-375.130303136
-245.591493292
-84.204753152
-179.262571869
337.359285559
-209.286787248
113.315183702
5.092483712
243.873879935
56.661430209
86.735130708
-308.614086255
11.555338003
156.663740058
-305.991347033
297.354566261
-306.105405627
497.346857433
-279.750036125
188.004655707
96.587075733
228.181959498
233.731940222
156.134068791
134.684088829
-223.236954412
-217.567940275
-600.751084348
152.231857019
202.668046967
-447.541647986
248.222855857
253.078371935
392.677496690
370.243552609
263.628966021
-320.519226412
-669.871891943
-387.500047512
-468.916019480
-360.693537551
534.530968617
281.481980882
480.072389712
444.696643882
-543.023510774
-324.087068296
-414.020426412
328.410496937
-217.781822451
341.932315683
-841.105543758
-981.061992081
493.141191799
601.505994037
-311.127131463
-480.069034889
753.441657682
-593.918234775
-572.799341821
626.692129283
-652.289472487
410.749333444
-454.845924237
726.273799623
-562.090712951
586.275451533
-658.691246675
660.353690823
-463.927969096
-431.693286653
-536.027949122
-744.244293816
-694.258824649
-822.437391724
-578.657713322
-558.094806441
-552.004957521
895.953448569
731.488343871
-452.997603712
778.350755769
-653.258555878
-551.417793906
635.269896544
-670.315904691
-398.058180774
515.440908067
500.154855227
-443.887793892
454.599331611
480.600440669
-868.893531764
462.232864071
230.240242847
-362.978138356
484.321681123
345.535508947
-760.402681094
-458.034899912
-425.310052333
484.645889700
-491.125778085
-173.599201230
455.182851741
-703.715049846
-325.979903413
-499.984723555
-281.527275160
539.943378153
-235.701281433
-360.657690924
299.058996646
-124.820468643
530.341029343
274.880042172
285.592770873
-147.694743219
373.674666753
394.790781455
521.872558634
-617.494551963
-110.043470686
-147.664591289
-333.800012726
-209.244708741
-337.461897672
-276.850264350
318.522089638
297.288909706
232.281052811
356.119195584
-380.634868321
260.086180659
90.688016932
117.062436290
-46.443479781
-133.454651640
-204.723483854
-133.645742834
-56.639991707
-252.655463998
38.138357012
-105.260121193
-63.311122508
-29.006258711
-582.472210498
-175.223523989
106.783718197
141.745679237
186.939232912
44.881324071
203.841014351
319.182720904
308.182084370
-37.069369160
-225.261073716
-81.489682505
-333.702989227
276.601965064
-520.941342675
-398.015837836
543.915123237
656.023037033
-293.447830042
-199.210604928
210.465486514
-279.520936663
-448.881956178
-314.270535888
-505.787521333
277.465151106
369.848488679
407.758171496
-382.828098042
-222.286323503
-546.584216665
-269.797994254
-420.872464890
595.408287075
-100.116089733
-340.780501623
523.139340346
-464.548586157
513.996312230
217.106310114
305.793161421
394.150555980
167.529735996
-443.729946679
406.965910611
384.019140677
-350.256960321
-283.685335322
496.649065319
-202.624729400
-273.885836276
666.403040942
563.326699815
-249.369497518
438.024286123
607.278224029
-422.542207860
269.631892687
283.749077865
265.502201165
223.161611341
661.505741208
-221.049151126
-245.514581461
247.374536739
294.910548635
397.267837603
324.548539404
241.347725004
403.403499881
306.445955349
-515.960666483
-475.995587822
-282.491615405
-608.254272707
110.468534163
-270.999873873
-244.401731068
-254.739968261
396.897673654
288.330726993
-418.892086831
-412.229739365
212.111565356
-610.050458639
188.861321644
-334.586865738
-113.871646563
203.151001944
-269.022769588
-126.318105796
344.544158858
-435.596902435
125.139880665
341.101423458
173.982215069
343.350797853
332.756668882
-129.509433447
372.976777685
306.415571770
-416.198006271
51.189843309
44.686982066
316.510547944
146.589561131
219.494034834
67.262222279
211.027637641
-78.817216729
-54.384230086
-265.640617962
-146.490192630
465.229540242
305.295507068
-510.150482471
-217.347124196
362.683962318
509.546201872
111.743887073
-429.750080866
-67.582709952
193.213693113
261.723637372
159.239475971
-431.179412169
-283.150154650
-91.051394137
127.738851004
-348.951976633
-247.946475457
44.493925943
-349.628641985
-241.875234823
-100.653726407
-218.943241498
135.593220126
301.861122996
-21.959131136
-209.841657654
285.443903777
-172.898008854
227.017625531
-398.348126986
400.243773442
-18.167345624
-101.739503020
-345.158681925
155.369277313
240.552726222
-215.727566242
-310.907990431
277.927816115
536.733171329
333.785165781
147.769913940
330.732634228
218.954269843
-253.605971040
304.673385786
-228.497195166
61.403921385
314.143253763
-213.769362158
-291.769913023
576.909298546
-192.942348227
-338.092786777
-192.849735172
-109.477863049
311.815753881
-307.347218704
205.345529178
57.316512892
216.446842877
-80.023743619
-67.429395519
-343.474243499
371.882259872
287.403739940
367.804000297
265.318335628
-445.847823771
-249.901700184
-611.697003223
239.314977245
236.821937649
92.577963831
571.036763125
-160.768397362
-201.415188852
-257.725711547
429.157388083
129.032296344
86.793245250
-601.041812434
221.160590389
385.980443220
-286.504481104
308.411727564
145.730036376
-165.963352516
209.533661625
-260.373978208
389.422249158
-553.603485551
656.584350441
-573.889536974
-519.624758550
-166.958847840
-312.620926150
248.310149664
285.289020204
-225.030871723
539.962437122
455.848139116
501.539960963
622.928756247
440.947324326
-550.716090138
-218.241418819
-509.156699240
-546.386753136
177.012617568
407.728498357
-217.037812771
216.747179266
438.726135920
-614.421176388
473.160893555
-154.211623128
-533.980678783
287.375831928
-156.046103454
-353.237368138
-311.280377210
317.412948482
-130.170743794
-501.314115605
-257.644798546
138.116745029
-79.707082593
451.572555408
-271.398456258
145.134250240
-325.829482667
289.209912492
185.489785046
-96.621918831
-493.993392627
-241.313486705
107.869475164
328.238595434
-392.971617466
-216.191258937
-89.138766253
320.436860626
403.476097559
-74.902321597
-183.227572874
-174.592923425
251.650450081
258.678001997
313.269451117
-362.392827087
-301.465378192
252.722843152
325.871103565
542.547410476
437.164415525
257.010799017
488.438917883
-401.796826484
284.661887622
591.079577929
473.016098528
392.980918634
417.632608366
-324.664664455
436.711397965
569.470895288
409.100345215
-475.479862458
-513.160043905
-471.025285437
226.050796411
-749.344006820
710.322039522
585.334663798
-407.197992432
430.743792551
453.803994748
786.289136135
-500.637221125
425.512396456
527.697546454
-595.217791589
467.036904270
681.802487692
-511.777007525
780.894658968
635.089152512
573.531746960
615.512187084
426.559540343
-576.436781180
-565.041608037
-863.554261615
-578.294449177
634.823518990
690.841732042
524.050030699
600.980670248
628.387441694
-523.992341858
-628.182958500
865.275196331
538.508112967
171.834074148
-732.601590585
643.312914517
683.572197504
879.300493575
-1046.532065929
626.296678421
-52.918047373
-840.948839969
-585.637344622
-650.636004184
-712.704658383
-870.368416811
619.162708545
124.603335418
785.917204687
-756.697553716
762.573719103
-900.684198991
-658.089142369
-985.935784415
416.029143154
-992.075093516
-1069.555631136
722.184453449
995.223462430
-814.652485049
-1243.881369855
554.425436396
1005.809799698
927.404158699
-966.679799861
1047.692378202
966.798736227
1022.983334940
-318.140522178
860.436271779
846.118420780
887.465740192
1038.385143971
930.373351354
-1139.006194159
-329.626783192
-716.730744414
891.614345417
-1261.329765014
-1325.101486488
-947.947196883
1058.507486551
350.427459727
-641.705816824
-923.930318159
1051.815107844
1154.843582944
-990.785854612
1258.485765703
-558.017031020
594.339619260
-1172.520380059
-990.157972490
1153.464771030
-1135.454910574
-1117.924973291
-441.232082169
669.173798496
1357.035547068
1432.510315021
-1277.377238099
880.749618232
-1209.120504542
-723.753223903
561.402820837
1427.910628581
-1000.370008326
-1032.535595496
854.295322296
1187.674278222
662.706007918
-603.382661770
-1340.065842600
-895.756777607
-1211.494940530
-936.559366096
1371.121207546
857.089858073
-564.566199681
-1159.256886093
867.306398883
1300.886994592
988.674385243
1204.041597513
-889.164233361
712.791541769
-1207.612827698
738.663370130
1022.370963560
909.905709713
-1321.594646601
-482.803853664
445.892035350
-990.204020212
-755.162740597
1038.708667752
754.866611513
-1096.193658378
-867.726129385
-170.390823127
893.070132953
704.485036913
-1101.552804191
847.857036968
965.271766859
-578.579683818
-202.555590248
1030.680007123
745.583024230
-1022.568233685
834.409488494
1299.134253801
-721.517610087
-369.042434439
1371.627497343
1034.174173771
920.295787805
-972.637211812
870.898525950
310.300425041
-367.582639578
-864.999694534
-812.645349596
939.943153863
-935.666541392
827.323988513
-349.886892222
370.979888080
1088.825492037
-892.014446277
1109.959243431
719.594357182
-852.229857886
-568.742681716
-770.560954566
1092.110167766
-1131.920380713
1032.819800688
-935.690290403
-820.101426833
-519.149951722
649.055022756
-876.112240086
-1234.715618070
1000.067818263
990.001931479
-842.026567892
-709.019254678
-628.988143580
926.868767022
922.579225767
845.059215164
977.641156324
-1014.675877641
892.606772796
932.620062169
879.920199069
-1050.641706607
-930.884664378
778.386178476
1180.835665841
-734.102394860
-746.352988387
-846.884104147
-1217.906550169
-796.617707867
-908.397668987
-964.402862613
-823.612577965
1080.435536966
1091.794751913
1209.012669175
684.582188285
1434.033543232
1002.388902172
-787.892308090
-1065.822576617
925.979417046
1348.856861670
-673.519776033
-1071.895357330
-1165.533331286
1053.074156962
-800.338343903
1146.225920747
1332.233320391
-828.630385824
-949.513179910
1048.768616922
-931.856883066
-809.387804734
1230.166298129
-1263.631024198
799.131435426
963.864833026
-1138.772820584
923.088091632
1030.165853985
-1156.933081124
1670.526290472
1000.169895572
