13.707031250
-32.000000000
31.000000000
28.359375000
31.000000000
-25.437500000
14.652343750
31.000000000
20.667968750
-32.000000000
29.476562500
18.046875000
9.281250000
14.953125000
-21.570312500
19.507812500
-22.300781250
-31.066406250
-32.000000000
9.410156250
-13.835937500
31.000000000
-13.191406250
-0.988281250
1.933593750
4.941406250
-1.976562500
-32.000000000
13.406250000
-9.453125000
13.621093750
14.093750000
-29.304687500
-32.000000000
-32.000000000
-7.433593750
-9.367187500
17.101562500
18.820312500
16.027343750
26.554687500
15.511718750
-2.835937500
-23.117187500
-18.648437500
-31.582031250
-6.058593750
31.000000000
-32.000000000
-32.000000000
31.000000000
-17.574218750
9.281250000
-10.054687500
25.480468750
-19.078125000
-8.078125000
30.078125000
6.531250000
5.757812500
6.488281250
11.902343750
31.000000000
31.000000000
31.000000000
3.351562500
0.128906250
31.000000000
-32.000000000
-30.679687500
-6.574218750
-29.734375000
31.000000000
-32.000000000
31.000000000
-32.000000000
-25.695312500
-32.000000000
31.000000000
-32.000000000
19.722656250
15.382812500
29.648437500
-2.019531250
-7.304687500
22.257812500
-29.519531250
25.351562500
-8.507812500
-15.726562500
-1.375000000
-25.609375000
-8.507812500
-22.773437500
-4.640625000
-12.804687500
-32.000000000
-1.890625000
-24.406250000
31.000000000
14.437500000
-32.000000000
-32.000000000
-28.703125000
-31.625000000
-32.000000000
-32.000000000
-32.000000000
1.804687500
31.000000000
-25.093750000
21.398437500
-15.898437500
-17.359375000
28.187500000
-11.257812500
31.000000000
-23.375000000
-32.000000000
31.000000000
-23.976562500
9.367187500
-30.851562500
12.718750000
24.148437500
-10.054687500
-32.000000000
31.000000000
-32.000000000
-24.148437500
-12.632812500
-0.429687500
31.000000000
26.253906250
31.000000000
20.109375000
31.000000000
31.000000000
-5.113281250
-8.550781250
-27.371093750
31.000000000
-29.476562500
-30.808593750
-14.867187500
31.000000000
31.000000000
23.503906250
-11.214843750
-20.882812500
31.000000000
24.578125000
5.585937500
31.000000000
9.066406250
-32.000000000
22.171875000
-20.195312500
13.019531250
-19.679687500
6.531250000
31.000000000
-5.328125000
-32.000000000
-32.000000000
18.089843750
-32.000000000
30.421875000
3.351562500
-25.265625000
-32.000000000
31.000000000
24.406250000
-32.000000000
-19.765625000
-26.726562500
-15.812500000
24.578125000
31.000000000
31.000000000
31.000000000
15.855468750
5.500000000
-2.707031250
31.000000000
31.000000000
-32.000000000
26.769531250
7.261718750
-14.437500000
27.500000000
7.046875000
2.750000000
21.871093750
14.523437500
-32.000000000
-32.000000000
-14.867187500
31.000000000
-4.210937500
10.957031250
-32.000000000
31.000000000
11.730468750
-32.000000000
24.492187500
0.042968750
10.828125000
-32.000000000
4.898437500
31.000000000
20.367187500
29.906250000
24.578125000
31.000000000
19.421875000
-32.000000000
-5.542968750
-14.351562500
31.000000000
31.000000000
29.648437500
5.113281250
-27.371093750
-31.238281250
-20.625000000
26.253906250
-32.000000000
31.000000000
25.136718750
-32.000000000
-32.000000000
-15.554687500
26.468750000
-32.000000000
-32.000000000
-18.648437500
-18.132812500
16.156250000
1.546875000
-3.910156250
16.628906250
-32.000000000
22.515625000
31.000000000
-32.000000000
31.000000000
31.000000000
10.742187500
-8.335937500
-32.000000000
14.867187500
-32.000000000
9.925781250
31.000000000
9.625000000
12.117187500
-32.000000000
-32.000000000
31.000000000
22.859375000
-23.546875000
23.289062500
20.109375000
16.500000000
-32.000000000
-32.000000000
-32.000000000
22.085937500
27.757812500
-32.000000000
-23.546875000
-18.046875000
-32.000000000
26.382812500
-32.000000000
31.000000000
-5.328125000
20.968750000
-32.000000000
-32.000000000
-32.000000000
-11.257812500
31.000000000
-17.144531250
-5.585937500
31.000000000
4.296875000
31.000000000
-32.000000000
31.000000000
31.000000000
13.062500000
-27.414062500
-6.703125000
1.718750000
-32.000000000
14.265625000
17.832031250
-17.703125000
15.468750000
31.000000000
5.542968750
17.273437500
-20.882812500
6.617187500
3.007812500
-2.621093750
-22.644531250
-1.546875000
-32.000000000
31.000000000
-18.433593750
31.000000000
27.199218750
-2.105468750
-10.699218750
-8.636718750
31.000000000
-18.089843750
-32.000000000
31.000000000
-13.019531250
-0.515625000
-5.285156250
-7.734375000
-12.589843750
31.000000000
0.816406250
18.347656250
16.199218750
20.882812500
-32.000000000
31.000000000
-26.425781250
-32.000000000
11.558593750
15.683593750
-25.523437500
-6.144531250
-3.996093750
-32.000000000
11.429687500
-6.574218750
-1.632812500
31.000000000
21.097656250
-32.000000000
-7.734375000
18.777343750
-17.359375000
8.851562500
29.132812500
-24.964843750
-25.179687500
31.000000000
-32.000000000
-32.000000000
5.242187500
-3.738281250
-11.257812500
-25.179687500
31.000000000
-32.000000000
9.023437500
31.000000000
-2.835937500
-32.000000000
31.000000000
23.890625000
-29.906250000
-31.281250000
-32.000000000
-29.734375000
31.000000000
-32.000000000
-21.570312500
25.523437500
-25.609375000
10.828125000
-22.000000000
-8.335937500
-16.843750000
31.000000000
31.000000000
-21.484375000
31.000000000
19.593750000
-4.296875000
20.968750000
26.812500000
31.000000000
-30.421875000
-31.539062500
31.000000000
-32.000000000
-26.210937500
-22.343750000
-10.140625000
31.000000000
-32.000000000
-7.992187500
22.085937500
31.000000000
-7.562500000
-32.000000000
-18.046875000
-32.000000000
7.046875000
-11.515625000
31.000000000
-32.000000000
-25.437500000
18.562500000
31.000000000
20.453125000
23.718750000
-25.437500000
-22.343750000
-32.000000000
-32.000000000
-15.554687500
-18.046875000
31.000000000
-6.703125000
31.000000000
31.000000000
-32.000000000
31.000000000
-22.773437500
29.562500000
-32.000000000
31.000000000
-32.000000000
-24.921875000
-32.000000000
-32.000000000
-32.000000000
13.363281250
21.570312500
19.894531250
-17.230468750
21.269531250
-17.359375000
-1.246093750
21.441406250
17.789062500
-12.246093750
8.378906250
-20.753906250
-32.000000000
9.195312500
-32.000000000
-20.625000000
22.988281250
31.000000000
-32.000000000
-1.203125000
24.062500000
-4.425781250
-32.000000000
26.898437500
-32.000000000
15.554687500
-4.253906250
31.000000000
-14.781250000
10.871093750
24.535156250
-32.000000000
1.117187500
-12.933593750
26.253906250
-9.625000000
31.000000000
-11.128906250
31.000000000
-32.000000000
24.105468750
-21.226562500
-15.941406250
-10.613281250
21.484375000
-8.980468750
8.164062500
0.171875000
-16.242187500
-18.820312500
12.031250000
18.175781250
-32.000000000
27.886718750
-11.171875000
-12.589843750
28.488281250
17.402343750
20.753906250
-2.921875000
12.718750000
-32.000000000
7.304687500
27.757812500
31.000000000
-32.000000000
31.000000000
31.000000000
-31.796875000
18.734375000
-8.164062500
-3.007812500
31.000000000
-3.996093750
30.636718750
-16.027343750
-32.000000000
31.000000000
11.816406250
-32.000000000
-10.828125000
-32.000000000
19.765625000
12.675781250
-21.226562500
31.000000000
-32.000000000
31.000000000
31.000000000
12.933593750
31.000000000
-32.000000000
13.964843750
-1.031250000
31.000000000
16.843750000
18.648437500
-32.000000000
-32.000000000
18.003906250
28.230468750
-4.511718750
-4.984375000
-10.398437500
20.195312500
-18.132812500
15.167968750
-15.468750000
31.000000000
-30.250000000
-32.000000000
25.265625000
31.000000000
-31.968750000
22.515625000
-32.000000000
31.000000000
-29.218750000
-29.992187500
-15.554687500
-32.000000000
-25.265625000
-32.000000000
31.000000000
31.000000000
31.000000000
20.968750000
-32.000000000
-32.000000000
-31.496093750
11.687500000
18.863281250
-14.910156250
19.250000000
-13.019531250
-29.605468750
2.707031250
-32.000000000
26.941406250
-16.242187500
-1.804687500
-6.273437500
-32.000000000
19.722656250
-8.164062500
-0.171875000
-17.960937500
31.000000000
-15.984375000
15.812500000
-32.000000000
31.000000000
31.000000000
-2.406250000
21.828125000
-32.000000000
-32.000000000
-29.992187500
-0.945312500
22.085937500
-32.000000000
-31.496093750
6.488281250
-32.000000000
3.867187500
-12.503906250
31.000000000
26.941406250
13.707031250
-26.253906250
-32.000000000
-10.441406250
19.121093750
-32.000000000
-32.000000000
-28.144531250
-17.144531250
0.644531250
-6.488281250
-32.000000000
0.816406250
31.000000000
-32.000000000
-32.000000000
31.000000000
-32.000000000
31.000000000
-25.910156250
31.000000000
-3.265625000
7.734375000
31.000000000
31.000000000
-18.777343750
9.839843750
-11.773437500
-15.296875000
-9.582031250
-4.855468750
31.000000000
-20.882812500
-15.597656250
-32.000000000
-29.132812500
5.757812500
-4.984375000
-20.023437500
31.000000000
18.820312500
3.695312500
-11.945312500
4.812500000
18.906250000
-15.125000000
22.429687500
10.656250000
0.945312500
31.000000000
31.000000000
13.835937500
-31.281250000
6.832031250
-8.679687500
31.000000000
23.246093750
-32.000000000
27.757812500
18.046875000
11.429687500
-32.000000000
31.000000000
-0.601562500
12.718750000
-32.000000000
-18.218750000
27.585937500
-32.000000000
31.000000000
-24.578125000
-32.000000000
-32.000000000
-32.000000000
-12.847656250
30.808593750
5.156250000
-32.000000000
26.296875000
-15.296875000
-17.488281250
31.000000000
18.605468750
-22.429687500
-2.707031250
-32.000000000
10.871093750
-29.476562500
-0.386718750
6.703125000
14.222656250
-32.000000000
-11.687500000
-6.015625000
-32.000000000
-24.277343750
7.261718750
-32.000000000
31.000000000
31.000000000
-23.847656250
-32.000000000
-16.242187500
-30.980468750
31.000000000
-32.000000000
29.261718750
-27.113281250
-30.851562500
-32.000000000
22.128906250
2.964843750
-24.148437500
-1.375000000
-28.875000000
31.000000000
2.148437500
22.601562500
14.867187500
19.464843750
6.875000000
28.703125000
29.906250000
-32.000000000
31.000000000
22.945312500
10.871093750
-32.000000000
-8.851562500
31.000000000
-4.425781250
7.218750000
31.000000000
-12.675781250
-6.875000000
-2.277343750
-32.000000000
20.238281250
31.000000000
-12.804687500
31.000000000
17.187500000
20.109375000
-32.000000000
8.250000000
10.054687500
3.523437500
-32.000000000
-8.250000000
-19.636718750
-30.078125000
19.937500000
0.945312500
24.921875000
-32.000000000
-21.527343750
1.332031250
-32.000000000
31.000000000
13.578125000
31.000000000
-0.128906250
-32.000000000
31.000000000
5.199218750
29.562500000
31.000000000
3.222656250
-28.531250000
31.000000000
31.000000000
-5.414062500
-32.000000000
31.000000000
30.164062500
31.000000000
-5.414062500
-32.000000000
-19.507812500
15.039062500
31.000000000
-18.218750000
-28.617187500
14.953125000
-32.000000000
-22.171875000
31.000000000
-1.117187500
31.000000000
30.679687500
-8.250000000
31.000000000
31.000000000
31.000000000
31.000000000
-22.687500000
10.914062500
31.000000000
-32.000000000
-32.000000000
-32.000000000
31.000000000
-32.000000000
5.929687500
31.000000000
11.128906250
14.609375000
-32.000000000
-27.156250000
17.273437500
4.296875000
29.820312500
-3.824218750
6.445312500
-17.660156250
8.378906250
-32.000000000
15.898437500
-20.066406250
-32.000000000
31.000000000
-20.625000000
14.007812500
3.566406250
11.386718750
31.000000000
24.535156250
-20.925781250
10.527343750
-32.000000000
28.101562500
16.671875000
-27.414062500
31.000000000
20.324218750
-32.000000000
-7.003906250
3.652343750
16.757812500
7.261718750
-21.140625000
-21.828125000
11.558593750
-32.000000000
0.429687500
18.734375000
5.972656250
31.000000000
14.781250000
0.085937500
31.000000000
31.000000000
-27.929687500
31.000000000
-24.492187500
25.738281250
-13.105468750
-22.558593750
-29.820312500
14.480468750
31.000000000
17.359375000
31.000000000
-22.257812500
-27.843750000
-20.625000000
-32.000000000
21.828125000
-18.046875000
-13.792968750
5.113281250
-19.164062500
31.000000000
26.683593750
4.210937500
20.023437500
31.000000000
-32.000000000
24.535156250
1.890625000
10.742187500
15.382812500
-26.898437500
5.671875000
31.000000000
31.000000000
15.296875000
25.867187500
-32.000000000
-9.109375000
-13.406250000
-20.109375000
31.000000000
24.750000000
26.296875000
-22.687500000
-10.527343750
-4.125000000
22.429687500
-32.000000000
-16.929687500
31.000000000
31.000000000
-32.000000000
28.703125000
3.437500000
11.515625000
-28.058593750
-32.000000000
-32.000000000
-32.000000000
-24.792968750
-11.429687500
-27.414062500
31.000000000
31.000000000
31.000000000
18.605468750
-12.847656250
18.003906250
28.875000000
-0.687500000
-0.558593750
31.000000000
-8.550781250
17.789062500
7.476562500
31.000000000
-6.101562500
10.140625000
-28.187500000
-25.609375000
-32.000000000
-32.000000000
4.511718750
31.000000000
-31.367187500
4.683593750
-6.660156250
1.375000000
9.710937500
-32.000000000
-5.929687500
9.496093750
31.000000000
-32.000000000
31.000000000
0.988281250
-23.933593750
31.000000000
-8.421875000
31.000000000
-25.652343750
31.000000000
11.730468750
25.566406250
-28.960937500
31.000000000
16.500000000
-12.890625000
31.000000000
-31.968750000
-12.031250000
22.687500000
-32.000000000
31.000000000
14.523437500
31.000000000
-32.000000000
-13.492187500
-32.000000000
-12.375000000
-32.000000000
-32.000000000
-19.378906250
-32.000000000
-28.832031250
0.128906250
-4.339843750
-32.000000000
-32.000000000
-32.000000000
-28.488281250
-19.078125000
-14.652343750
-2.878906250
-32.000000000
-32.000000000
0.429687500
31.000000000
31.000000000
-20.453125000
-22.472656250
15.382812500
14.910156250
2.535156250
22.429687500
9.281250000
31.000000000
22.429687500
-32.000000000
17.703125000
-32.000000000
-29.046875000
-4.039062500
28.015625000
-32.000000000
17.015625000
23.117187500
-16.628906250
-16.972656250
30.765625000
2.792968750
31.000000000
31.000000000
-15.640625000
-14.308593750
-13.664062500
-31.367187500
-32.000000000
-10.312500000
29.132812500
15.511718750
31.000000000
29.261718750
-32.000000000
9.796875000
-32.000000000
31.000000000
-32.000000000
-15.683593750
2.621093750
7.863281250
-9.367187500
31.000000000
-18.046875000
31.000000000
26.597656250
-32.000000000
31.000000000
-1.546875000
-11.773437500
29.003906250
7.476562500
-32.000000000
17.359375000
11.687500000
5.371093750
31.000000000
31.000000000
-32.000000000
29.691406250
10.441406250
-22.816406250
6.402343750
26.253906250
11.644531250
31.000000000
-21.312500000
0.515625000
31.000000000
31.000000000
22.429687500
16.757812500
31.000000000
-32.000000000
-32.000000000
31.000000000
31.000000000
31.000000000
-3.394531250
6.574218750
8.550781250
31.000000000
31.000000000
24.449218750
16.929687500
-32.000000000
-8.121093750
31.000000000
31.000000000
-14.996093750
-32.000000000
-30.679687500
-32.000000000
31.000000000
-32.000000000
26.253906250
-10.226562500
-32.000000000
-21.269531250
-24.062500000
11.945312500
5.585937500
15.511718750
-31.281250000
-32.000000000
21.656250000
-32.000000000
-32.000000000
31.000000000
-32.000000000
-32.000000000
3.222656250
-3.695312500
31.000000000
-29.304687500
16.414062500
17.832031250
31.000000000
-26.039062500
3.308593750
31.000000000
-11.257812500
-32.000000000
31.000000000
24.664062500
31.000000000
-32.000000000
-13.234375000
-19.035156250
-32.000000000
-32.000000000
-32.000000000
-32.000000000
-21.226562500
-10.656250000
7.046875000
22.601562500
31.000000000
0.085937500
-22.859375000
-32.000000000
14.695312500
-32.000000000
31.000000000
-14.093750000
31.000000000
-14.781250000
-5.457031250
23.546875000
-31.582031250
13.320312500
12.761718750
22.773437500
31.000000000
-20.625000000
-32.000000000
-32.000000000
31.000000000
-21.441406250
31.000000000
-32.000000000
-15.812500000
-25.781250000
31.000000000
-32.000000000
-16.328125000
23.117187500
-32.000000000
31.000000000
-1.289062500
8.550781250
31.000000000
-29.476562500
-12.117187500
31.000000000
21.527343750
26.812500000
9.023437500
27.843750000
-13.792968750
19.765625000
24.664062500
7.734375000
-29.218750000
5.328125000
-32.000000000
-14.652343750
-25.738281250
-22.515625000
0.816406250
24.621093750
-25.222656250
1.933593750
18.906250000
31.000000000
-32.000000000
-32.000000000
31.000000000
-32.000000000
20.109375000
31.000000000
22.085937500
27.328125000
-13.835937500
-12.546875000
-23.761718750
30.765625000
-32.000000000
13.964843750
-19.937500000
7.433593750
31.000000000
7.003906250
9.625000000
-32.000000000
-18.433593750
-7.734375000
31.000000000
-17.531250000
-8.378906250
31.000000000
-1.460937500
-4.511718750
-24.492187500
31.000000000
24.234375000
31.000000000
-15.640625000
29.992187500
-3.093750000
-32.000000000
31.000000000
31.000000000
-3.910156250
-6.402343750
12.375000000
-13.191406250
-32.000000000
15.125000000
-22.687500000
31.000000000
31.000000000
25.265625000
-32.000000000
14.136718750
31.000000000
9.281250000
-32.000000000
-21.871093750
31.000000000
-25.265625000
-28.789062500
9.066406250
-22.171875000
-32.000000000
-13.750000000
31.000000000
-23.117187500
-9.539062500
31.000000000
-30.335937500
19.507812500
26.468750000
31.000000000
31.000000000
28.187500000
-19.164062500
18.820312500
12.203125000
-20.023437500
31.000000000
-32.000000000
-20.839843750
-3.437500000
23.289062500
25.265625000
11.214843750
-23.117187500
27.843750000
31.000000000
30.078125000
-32.000000000
-20.882812500
31.000000000
31.000000000
27.414062500
31.000000000
-25.609375000
-32.000000000
-25.437500000
-26.296875000
31.000000000
17.015625000
7.132812500
-26.210937500
27.328125000
-32.000000000
-32.000000000
27.371093750
31.000000000
-10.226562500
-26.683593750
17.960937500
-32.000000000
31.000000000
-7.605468750
-32.000000000
31.000000000
-18.906250000
-11.300781250
13.277343750
0.644531250
25.136718750
-9.539062500
5.242187500
22.000000000
-10.527343750
-26.898437500
-30.335937500
-32.000000000
-24.320312500
4.382812500
-9.968750000
31.000000000
-4.125000000
-4.511718750
19.078125000
8.164062500
20.882812500
12.761718750
-32.000000000
31.000000000
-32.000000000
-23.203125000
11.773437500
-27.328125000
-30.335937500
2.792968750
31.000000000
-32.000000000
-16.585937500
-16.328125000
31.000000000
-30.250000000
31.000000000
8.765625000
23.847656250
19.335937500
31.000000000
31.000000000
-31.882812500
31.000000000
-9.195312500
-32.000000000
28.617187500
-32.000000000
-24.878906250
-32.000000000
-16.757812500
31.000000000
-16.886718750
31.000000000
-22.601562500
-7.132812500
31.000000000
-32.000000000
-18.132812500
-29.992187500
23.460937500
-32.000000000
31.000000000
-18.562500000
1.589843750
23.117187500
-32.000000000
-32.000000000
7.476562500
6.789062500
-32.000000000
7.218750000
-24.320312500
-21.914062500
-29.992187500
-32.000000000
-15.554687500
-32.000000000
-16.886718750
-32.000000000
1.804687500
1.847656250
16.972656250
2.621093750
-31.539062500
-32.000000000
-32.000000000
-32.000000000
-17.789062500
-32.000000000
5.070312500
5.843750000
-20.367187500
4.812500000
20.710937500
31.000000000
31.000000000
1.718750000
-32.000000000
-7.304687500
-32.000000000
6.015625000
21.656250000
-28.789062500
-2.492187500
-32.000000000
-1.718750000
-29.218750000
-32.000000000
4.554687500
31.000000000
13.921875000
31.000000000
31.000000000
31.000000000
31.000000000
31.000000000
10.914062500
-32.000000000
-32.000000000
13.835937500
20.882812500
-13.449218750
15.253906250
28.144531250
24.019531250
-21.699218750
0.558593750
-32.000000000
-32.000000000
-32.000000000
31.000000000
-30.164062500
20.109375000
23.675781250
-8.937500000
-27.457031250
8.121093750
-20.238281250
2.921875000
-32.000000000
-32.000000000
-32.000000000
-27.843750000
-26.210937500
-2.792968750
-21.097656250
19.550781250
22.000000000
31.000000000
-32.000000000
-2.105468750
-32.000000000
19.851562500
31.000000000
16.843750000
24.062500000
-8.078125000
31.000000000
-32.000000000
-29.132812500
-32.000000000
-30.250000000
21.140625000
21.570312500
-32.000000000
31.000000000
-22.343750000
-32.000000000
-9.109375000
31.000000000
-10.914062500
-8.164062500
-11.773437500
31.000000000
-4.382812500
-31.667968750
22.773437500
31.000000000
20.882812500
24.406250000
23.718750000
5.757812500
31.000000000
31.000000000
17.187500000
31.000000000
3.652343750
-25.093750000
10.914062500
-10.312500000
-32.000000000
28.273437500
31.000000000
5.542968750
-31.625000000
-32.000000000
18.992187500
29.820312500
16.585937500
-17.617187500
-13.964843750
5.929687500
-32.000000000
28.015625000
31.000000000
-2.921875000
-4.984375000
-32.000000000
-21.441406250
1.203125000
17.660156250
-32.000000000
15.296875000
-32.000000000
31.000000000
31.000000000
31.000000000
31.000000000
31.000000000
31.000000000
21.957031250
12.546875000
0.429687500
-32.000000000
-32.000000000
-8.078125000
31.000000000
29.820312500
-32.000000000
-1.718750000
-26.726562500
-31.667968750
31.000000000
31.000000000
31.000000000
-32.000000000
12.460937500
-8.722656250
-20.023437500
-3.738281250
28.359375000
14.996093750
22.128906250
-1.074218750
-5.500000000
3.351562500
-31.109375000
-11.171875000
-8.808593750
-32.000000000
29.519531250
26.468750000
31.000000000
3.996093750
-2.320312500
-16.671875000
-32.000000000
28.273437500
18.605468750
31.000000000
-32.000000000
31.000000000
-5.371093750
-8.808593750
-26.640625000
-15.812500000
-25.609375000
17.531250000
31.000000000
31.000000000
-20.710937500
-32.000000000
10.914062500
-32.000000000
-20.882812500
25.695312500
13.664062500
-32.000000000
-30.851562500
25.523437500
24.406250000
29.046875000
-21.613281250
-9.109375000
9.367187500
-32.000000000
-32.000000000
-15.726562500
-18.648437500
-27.328125000
9.625000000
-19.078125000
31.000000000
-27.585937500
27.671875000
-25.050781250
23.804687500
-32.000000000
30.121093750
-15.984375000
22.429687500
-19.207031250
25.136718750
0.257812500
-32.000000000
-32.000000000
1.976562500
-32.000000000
29.519531250
31.000000000
31.000000000
-5.156250000
-1.417968750
5.671875000
-24.062500000
-16.500000000
-0.859375000
15.511718750
10.957031250
31.000000000
-6.015625000
31.000000000
-32.000000000
-4.511718750
10.398437500
-26.125000000
21.011718750
1.074218750
31.000000000
-24.148437500
3.695312500
10.699218750
-27.457031250
-20.968750000
15.726562500
12.031250000
-32.000000000
31.000000000
6.273437500
31.000000000
-32.000000000
31.000000000
-25.695312500
13.234375000
-13.664062500
-4.812500000
25.953125000
-3.824218750
31.000000000
-27.500000000
31.000000000
4.210937500
-8.636718750
23.117187500
27.027343750
-11.386718750
-2.277343750
26.039062500
-32.000000000
-25.566406250
31.000000000
26.082031250
-19.207031250
-6.144531250
3.222656250
18.433593750
-4.253906250
25.437500000
23.761718750
31.000000000
31.000000000
-32.000000000
-32.000000000
-22.128906250
-2.621093750
20.152343750
-15.597656250
12.718750000
31.000000000
-3.910156250
31.000000000
11.687500000
-32.000000000
-15.855468750
-3.437500000
-3.308593750
31.000000000
7.046875000
-32.000000000
-13.277343750
31.000000000
28.617187500
-18.906250000
31.000000000
-14.437500000
23.890625000
23.546875000
-0.171875000
-32.000000000
31.000000000
-23.031250000
-32.000000000
-0.687500000
31.000000000
22.000000000
29.390625000
16.757812500
-31.109375000
-15.554687500
-10.011718750
31.000000000
7.476562500
29.390625000
14.351562500
31.000000000
31.000000000
-18.476562500
-27.972656250
-32.000000000
2.835937500
9.281250000
-32.000000000
-32.000000000
-14.867187500
31.000000000
11.687500000
-32.000000000
31.000000000
-32.000000000
-18.519531250
31.000000000
14.265625000
11.085937500
-10.484375000
-31.023437500
-16.070312500
29.820312500
-3.781250000
-17.273437500
-32.000000000
2.664062500
9.625000000
17.703125000
17.960937500
-32.000000000
-32.000000000
29.304687500
31.000000000
-32.000000000
31.000000000
31.000000000
7.562500000
13.191406250
-32.000000000
-12.976562500
11.042968750
31.000000000
30.078125000
-3.953125000
-32.000000000
28.101562500
6.617187500
31.000000000
16.757812500
8.164062500
15.253906250
-32.000000000
31.000000000
-29.433593750
-22.687500000
31.000000000
-26.039062500
-26.039062500
-32.000000000
-32.000000000
-32.000000000
-21.054687500
31.000000000
-29.046875000
-27.070312500
-32.000000000
31.000000000
-32.000000000
31.000000000
-32.000000000
9.539062500
31.000000000
-32.000000000
-32.000000000
10.398437500
-32.000000000
31.000000000
31.000000000
21.140625000
3.953125000
31.000000000
-10.828125000
20.453125000
11.945312500
-32.000000000
27.500000000
-28.015625000
-5.070312500
-18.734375000
11.687500000
29.304687500
31.000000000
-26.125000000
14.179687500
-2.234375000
30.765625000
-32.000000000
31.000000000
31.000000000
16.156250000
-32.000000000
-30.593750000
31.000000000
26.898437500
-32.000000000
-32.000000000
-32.000000000
5.500000000
-15.296875000
27.371093750
-10.656250000
-7.648437500
-32.000000000
10.269531250
18.863281250
-12.503906250
-12.246093750
12.117187500
-24.062500000
-32.000000000
-13.707031250
29.734375000
-32.000000000
27.156250000
-32.000000000
-32.000000000
31.000000000
-32.000000000
31.000000000
31.000000000
-32.000000000
19.593750000
-9.367187500
-17.273437500
14.351562500
20.796875000
18.132812500
17.531250000
-32.000000000
-18.476562500
31.000000000
-32.000000000
-32.000000000
-32.000000000
-32.000000000
10.054687500
29.992187500
-32.000000000
31.000000000
31.000000000
31.000000000
-32.000000000
-32.000000000
-18.992187500
31.000000000
-31.882812500
-19.464843750
31.000000000
-14.179687500
-32.000000000
31.000000000
31.000000000
17.402343750
-2.792968750
-10.054687500
-12.117187500
8.292968750
31.000000000
-32.000000000
-11.644531250
14.136718750
5.371093750
0.515625000
31.000000000
-22.085937500
30.292968750
-31.109375000
-32.000000000
-32.000000000
31.000000000
-1.503906250
31.000000000
31.000000000
0.988281250
31.000000000
-6.617187500
-32.000000000
31.000000000
-30.250000000
-24.062500000
-32.000000000
10.097656250
-8.593750000
-22.687500000
-4.339843750
-30.378906250
31.000000000
9.710937500
29.734375000
18.820312500
-32.000000000
10.312500000
-32.000000000
31.000000000
6.359375000
-12.718750000
-27.500000000
31.000000000
-6.660156250
-32.000000000
16.242187500
-11.687500000
31.000000000
-32.000000000
19.164062500
-22.945312500
-32.000000000
31.000000000
11.988281250
-32.000000000
-21.656250000
-11.128906250
20.539062500
-32.000000000
24.750000000
-1.289062500
-30.937500000
24.964843750
-32.000000000
8.808593750
18.648437500
3.007812500
31.000000000
-15.597656250
-32.000000000
12.289062500
12.718750000
0.902343750
-14.093750000
31.000000000
-8.980468750
-30.250000000
16.929687500
28.230468750
20.539062500
-1.203125000
13.277343750
-13.921875000
14.007812500
31.000000000
15.125000000
-32.000000000
-32.000000000
18.992187500
7.691406250
25.179687500
-9.453125000
-32.000000000
31.000000000
-21.570312500
5.199218750
9.496093750
-32.000000000
-13.664062500
-11.128906250
7.648437500
31.000000000
31.000000000
-30.250000000
28.617187500
31.000000000
31.000000000
31.000000000
23.632812500
-15.554687500
31.000000000
10.054687500
31.000000000
22.300781250
-32.000000000
-32.000000000
-11.429687500
-32.000000000
31.000000000
-7.433593750
3.996093750
-24.707031250
-16.542968750
29.347656250
-9.152343750
-15.554687500
-9.023437500
-18.132812500
-5.585937500
31.000000000
-15.210937500
31.000000000
-32.000000000
31.000000000
31.000000000
-32.000000000
31.000000000
31.000000000
-8.937500000
30.164062500
-4.125000000
-20.453125000
-32.000000000
31.000000000
31.000000000
4.039062500
-25.093750000
31.000000000
-32.000000000
-2.234375000
6.531250000
-32.000000000
4.812500000
31.000000000
31.000000000
31.000000000
31.000000000
-20.625000000
-29.906250000
-5.414062500
31.000000000
31.000000000
31.000000000
-32.000000000
26.984375000
-12.289062500
-28.531250000
31.000000000
-9.453125000
-32.000000000
9.539062500
-32.000000000
16.199218750
31.000000000
7.906250000
7.218750000
-26.082031250
5.199218750
-32.000000000
-25.351562500
31.000000000
-32.000000000
-11.773437500
31.000000000
19.593750000
-32.000000000
-27.929687500
31.000000000
31.000000000
-32.000000000
31.000000000
16.156250000
-32.000000000
31.000000000
-5.628906250
31.000000000
-32.000000000
11.773437500
31.000000000
-32.000000000
12.546875000
-32.000000000
27.328125000
-32.000000000
-32.000000000
-32.000000000
-32.000000000
31.000000000
19.507812500
-17.187500000
10.226562500
-32.000000000
26.554687500
31.000000000
24.921875000
31.000000000
-21.269531250
-24.921875000
-21.914062500
31.000000000
6.187500000
20.968750000
-25.394531250
14.910156250
31.000000000
-13.750000000
16.757812500
11.816406250
-31.667968750
-17.359375000
-32.000000000
24.750000000
-32.000000000
-32.000000000
-32.000000000
31.000000000
-18.304687500
-5.714843750
-32.000000000
31.000000000
16.156250000
-6.359375000
-7.003906250
3.609375000
31.000000000
1.976562500
8.421875000
7.906250000
24.835937500
-23.332031250
-7.906250000
-19.078125000
-11.988281250
-3.953125000
-22.429687500
-32.000000000
11.085937500
18.132812500
-15.382812500
-20.539062500
30.851562500
-22.429687500
-4.382812500
18.304687500
31.000000000
31.000000000
25.007812500
-20.882812500
-11.042968750
-6.703125000
31.000000000
-26.125000000
9.625000000
18.390625000
5.671875000
31.000000000
-11.257812500
-31.023437500
14.007812500
-32.000000000
31.000000000
-32.000000000
-32.000000000
2.492187500
-3.953125000
31.000000000
-28.187500000
21.570312500
31.000000000
-14.738281250
-32.000000000
31.000000000
-26.812500000
8.593750000
24.621093750
12.117187500
-26.769531250
31.000000000
31.000000000
25.738281250
-27.757812500
4.984375000
7.089843750
-32.000000000
31.000000000
-4.039062500
31.000000000
31.000000000
-7.605468750
6.660156250
-23.718750000
-32.000000000
16.757812500
4.597656250
-32.000000000
18.046875000
10.656250000
18.820312500
13.750000000
31.000000000
-15.726562500
-25.738281250
31.000000000
-17.531250000
30.851562500
-11.171875000
22.816406250
-32.000000000
-32.000000000
15.082031250
8.164062500
-1.289062500
29.519531250
-13.406250000
8.421875000
-32.000000000
8.078125000
-32.000000000
10.054687500
12.632812500
-22.343750000
18.390625000
-28.230468750
-18.648437500
20.023437500
-31.453125000
31.000000000
27.886718750
-20.324218750
31.000000000
24.835937500
-24.406250000
15.769531250
31.000000000
-0.816406250
15.769531250
-15.339843750
-26.468750000
-32.000000000
31.000000000
26.167968750
-9.367187500
15.039062500
31.000000000
5.242187500
15.125000000
-32.000000000
-32.000000000
5.242187500
1.289062500
-32.000000000
-28.187500000
8.421875000
23.890625000
-32.000000000
-19.507812500
-32.000000000
-8.421875000
31.000000000
7.046875000
-0.257812500
31.000000000
-12.890625000
31.000000000
31.000000000
15.984375000
-24.320312500
-13.750000000
-30.250000000
-12.632812500
15.039062500
31.000000000
24.320312500
-17.617187500
31.000000000
-7.562500000
-25.351562500
-32.000000000
-23.718750000
13.964843750
31.000000000
13.792968750
2.234375000
-8.937500000
-32.000000000
7.562500000
-32.000000000
-4.082031250
-32.000000000
23.589843750
31.000000000
31.000000000
-17.015625000
31.000000000
2.964843750
5.972656250
-9.195312500
31.000000000
13.148437500
-17.746093750
-32.000000000
21.527343750
26.984375000
-32.000000000
-25.437500000
8.851562500
20.753906250
31.000000000
31.000000000
11.988281250
8.679687500
6.789062500
11.515625000
18.519531250
-3.394531250
3.695312500
1.117187500
8.722656250
17.488281250
-15.296875000
13.535156250
20.710937500
-14.996093750
-32.000000000
-8.636718750
-23.589843750
4.640625000
31.000000000
-19.765625000
29.132812500
-32.000000000
2.406250000
7.734375000
-22.687500000
31.000000000
28.832031250
21.828125000
-0.945312500
-32.000000000
7.046875000
-20.238281250
-32.000000000
-29.562500000
7.218750000
31.000000000
7.605468750
-28.187500000
-9.195312500
29.691406250
-28.574218750
28.875000000
-31.625000000
-11.429687500
-15.640625000
-22.429687500
7.218750000
-32.000000000
17.015625000
31.000000000
-13.062500000
-6.875000000
20.195312500
1.632812500
-32.000000000
-27.113281250
-13.019531250
-1.289062500
-4.425781250
-32.000000000
-0.859375000
-26.597656250
-2.750000000
-31.324218750
-22.816406250
20.539062500
-32.000000000
-32.000000000
13.062500000
-32.000000000
-32.000000000
-28.703125000
31.000000000
-4.855468750
-2.062500000
-21.441406250
-32.000000000
27.199218750
30.121093750
-32.000000000
-17.531250000
17.746093750
31.000000000
-32.000000000
12.332031250
-10.312500000
31.000000000
-0.644531250
13.191406250
27.843750000
-19.335937500
12.375000000
31.000000000
-32.000000000
26.554687500
20.195312500
-32.000000000
19.250000000
-32.000000000
-12.160156250
-16.328125000
-32.000000000
27.929687500
-27.671875000
31.000000000
23.847656250
1.074218750
31.000000000
31.000000000
17.316406250
31.000000000
7.734375000
-16.800781250
31.000000000
-24.750000000
-7.777343750
-5.328125000
16.843750000
-32.000000000
-32.000000000
-32.000000000
31.000000000
-19.421875000
18.347656250
27.242187500
20.324218750
4.296875000
14.351562500
4.382812500
31.000000000
25.652343750
8.507812500
-32.000000000
31.000000000
30.335937500
-32.000000000
4.640625000
-5.500000000
31.000000000
31.000000000
21.312500000
31.000000000
31.000000000
-1.761718750
-30.507812500
-16.972656250
0.601562500
-32.000000000
31.000000000
31.000000000
-25.996093750
23.503906250
24.406250000
-32.000000000
-32.000000000
-27.113281250
25.996093750
-9.968750000
-31.625000000
31.000000000
-24.191406250
-32.000000000
-28.101562500
26.640625000
31.000000000
31.000000000
31.000000000
-4.039062500
-7.949218750
-19.378906250
-24.234375000
-22.515625000
-32.000000000
19.292968750
1.160156250
-11.257812500
-23.718750000
-11.343750000
31.000000000
-32.000000000
-32.000000000
-32.000000000
31.000000000
8.980468750
-16.886718750
7.519531250
26.898437500
-27.457031250
22.730468750
15.210937500
31.000000000
1.847656250
-4.253906250
-32.000000000
-32.000000000
31.000000000
-10.699218750
-32.000000000
31.000000000
-26.941406250
-8.894531250
-32.000000000
-0.644531250
16.542968750
23.761718750
10.183593750
-13.792968750
-9.410156250
31.000000000
-24.664062500
25.136718750
7.175781250
0.257812500
31.000000000
-14.351562500
-25.136718750
-22.859375000
-28.574218750
-32.000000000
-11.300781250
22.343750000
-11.214843750
-1.246093750
-0.171875000
31.000000000
31.000000000
31.000000000
-15.125000000
-32.000000000
21.914062500
-12.460937500
12.460937500
8.937500000
4.082031250
-13.019531250
0.171875000
6.875000000
-27.328125000
-1.632812500
-32.000000000
-32.000000000
31.000000000
-21.140625000
-32.000000000
-32.000000000
-32.000000000
-23.460937500
8.980468750
-32.000000000
-19.464843750
-32.000000000
-32.000000000
-32.000000000
31.000000000
-32.000000000
31.000000000
31.000000000
31.000000000
31.000000000
-21.484375000
31.000000000
9.367187500
-32.000000000
-24.406250000
-32.000000000
1.718750000
-15.941406250
-1.246093750
7.949218750
-28.230468750
-16.886718750
-11.773437500
-11.558593750
30.636718750
-17.359375000
-9.667968750
29.777343750
-25.652343750
11.472656250
-22.042968750
20.582031250
31.000000000
-4.425781250
27.371093750
-17.960937500
31.000000000
-21.656250000
30.765625000
22.000000000
6.058593750
8.980468750
31.000000000
-32.000000000
-32.000000000
-17.187500000
-19.078125000
-7.519531250
-24.320312500
-31.753906250
-10.183593750
-1.675781250
29.046875000
16.500000000
9.066406250
12.675781250
31.000000000
2.191406250
-15.554687500
19.980468750
-32.000000000
-5.285156250
-32.000000000
11.558593750
-0.730468750
14.996093750
30.550781250
21.914062500
-32.000000000
2.664062500
-25.007812500
23.375000000
-8.507812500
-5.972656250
-32.000000000
31.000000000
-8.851562500
18.304687500
-11.214843750
7.691406250
11.601562500
-28.402343750
17.832031250
27.500000000
-0.386718750
-32.000000000
4.855468750
-32.000000000
31.000000000
9.582031250
31.000000000
16.242187500
-9.281250000
24.492187500
-32.000000000
-32.000000000
-32.000000000
-16.628906250
21.957031250
-32.000000000
30.851562500
-32.000000000
-21.054687500
29.261718750
14.824218750
26.726562500
-23.976562500
1.289062500
31.000000000
18.820312500
25.179687500
5.328125000
-32.000000000
31.000000000
25.695312500
14.179687500
31.000000000
2.234375000
30.937500000
-22.687500000
27.500000000
-7.906250000
-9.539062500
31.000000000
-32.000000000
-32.000000000
31.000000000
-25.867187500
-32.000000000
-32.000000000
-22.343750000
-19.679687500
-24.406250000
-17.101562500
10.484375000
12.460937500
-0.945312500
-13.835937500
27.156250000
21.226562500
-7.218750000
14.222656250
-32.000000000
-32.000000000
14.265625000
-6.359375000
31.000000000
-32.000000000
-32.000000000
-30.421875000
19.765625000
-32.000000000
31.000000000
27.585937500
-7.734375000
-17.015625000
15.812500000
-32.000000000
31.000000000
31.000000000
-23.375000000
-32.000000000
31.000000000
31.000000000
9.453125000
31.000000000
-21.484375000
-10.054687500
-29.089843750
-28.058593750
-32.000000000
29.347656250
-17.531250000
10.613281250
-32.000000000
8.937500000
-32.000000000
12.718750000
1.976562500
31.000000000
-21.054687500
28.703125000
19.121093750
-10.054687500
-4.984375000
-32.000000000
31.000000000
31.000000000
-31.281250000
-32.000000000
5.585937500
5.199218750
-25.867187500
-32.000000000
31.000000000
-10.699218750
31.000000000
26.296875000
31.000000000
17.703125000
-32.000000000
-32.000000000
30.250000000
31.000000000
31.000000000
31.000000000
31.000000000
-26.468750000
-32.000000000
-32.000000000
-30.507812500
11.085937500
31.000000000
3.351562500
13.835937500
13.835937500
-5.242187500
-20.195312500
-32.000000000
-18.175781250
-3.953125000
-32.000000000
31.000000000
-25.179687500
-21.398437500
7.734375000
31.000000000
31.000000000
31.000000000
-16.843750000
-32.000000000
28.574218750
-27.070312500
31.000000000
-4.511718750
-27.800781250
-22.429687500
-6.015625000
0.214843750
31.000000000
30.550781250
31.000000000
31.000000000
31.000000000
-3.093750000
9.496093750
10.398437500
31.000000000
-32.000000000
-32.000000000
-32.000000000
-20.109375000
19.335937500
31.000000000
1.074218750
-26.125000000
-4.082031250
-0.601562500
-32.000000000
-32.000000000
-19.335937500
-8.378906250
-9.796875000
-6.960937500
31.000000000
-21.871093750
0.601562500
31.000000000
13.320312500
9.195312500
-3.007812500
-1.589843750
20.753906250
6.875000000
14.996093750
31.000000000
22.859375000
20.496093750
31.000000000
-28.746093750
-3.824218750
-32.000000000
-10.484375000
31.000000000
-32.000000000
-28.273437500
30.894531250
8.765625000
-22.171875000
-32.000000000
31.000000000
-32.000000000
12.718750000
10.828125000
5.414062500
10.226562500
-32.000000000
-15.812500000
7.562500000
-14.953125000
12.804687500
-32.000000000
-32.000000000
-26.382812500
22.257812500
-32.000000000
-32.000000000
31.000000000
-20.453125000
-32.000000000
-12.804687500
-32.000000000
-10.054687500
31.000000000
-25.179687500
-28.531250000
15.726562500
10.914062500
-13.406250000
-32.000000000
17.015625000
-31.453125000
-27.156250000
21.570312500
3.351562500
-32.000000000
30.937500000
-32.000000000
31.000000000
2.062500000
31.000000000
-23.460937500
10.054687500
-32.000000000
-14.437500000
-10.054687500
-6.832031250
31.000000000
-23.546875000
-32.000000000
28.273437500
-32.000000000
31.000000000
-23.117187500
31.000000000
-15.984375000
16.500000000
-13.921875000
-24.664062500
31.000000000
31.000000000
-9.710937500
27.843750000
-32.000000000
-27.929687500
15.382812500
-18.218750000
31.000000000
31.000000000
-29.992187500
-14.781250000
-32.000000000
-32.000000000
-32.000000000
-32.000000000
-32.000000000
26.296875000
6.273437500
31.000000000
16.242187500
31.000000000
-32.000000000
31.000000000
31.000000000
31.000000000
26.898437500
23.804687500
31.000000000
31.000000000
-32.000000000
-32.000000000
-3.953125000
-12.460937500
-31.324218750
2.148437500
21.312500000
10.914062500
3.867187500
-8.851562500
6.746093750
10.656250000
27.371093750
14.222656250
-4.984375000
31.000000000
30.980468750
7.820312500
-21.355468750
-20.066406250
7.261718750
7.433593750
6.875000000
-14.093750000
18.046875000
22.343750000
-32.000000000
0.730468750
31.000000000
31.000000000
13.449218750
-8.593750000
-32.000000000
31.000000000
23.503906250
5.199218750
31.000000000
-10.441406250
18.175781250
31.000000000
-26.941406250
-32.000000000
-32.000000000
8.421875000
31.000000000
-32.000000000
-32.000000000
-32.000000000
-32.000000000
-18.390625000
-32.000000000
31.000000000
7.046875000
31.000000000
-32.000000000
-25.437500000
-28.703125000
-25.781250000
-32.000000000
-32.000000000
7.304687500
-20.410156250
-24.835937500
31.000000000
-21.226562500
20.109375000
-32.000000000
-32.000000000
11.386718750
31.000000000
1.546875000
-17.703125000
-1.804687500
6.789062500
-32.000000000
31.000000000
-32.000000000
-18.347656250
-10.054687500
-29.304687500
26.382812500
31.000000000
17.445312500
9.109375000
31.000000000
6.359375000
0.859375000
-28.531250000
31.000000000
31.000000000
-32.000000000
31.000000000
12.546875000
-25.351562500
-9.968750000
31.000000000
31.000000000
-32.000000000
31.000000000
31.000000000
-32.000000000
31.000000000
-25.093750000
-31.796875000
8.421875000
-32.000000000
-31.367187500
31.000000000
-30.335937500
-32.000000000
31.000000000
17.617187500
28.703125000
-15.984375000
24.320312500
-24.835937500
-32.000000000
-11.773437500
-32.000000000
-14.609375000
-22.171875000
-32.000000000
19.464843750
31.000000000
4.253906250
-32.000000000
31.000000000
-32.000000000
3.609375000
17.789062500
23.976562500
-16.929687500
-19.421875000
31.000000000
-7.347656250
26.726562500
31.000000000
31.000000000
-3.222656250
8.164062500
-12.675781250
31.000000000
-32.000000000
0.945312500
-25.523437500
-13.921875000
-21.398437500
-23.460937500
31.000000000
-19.765625000
31.000000000
-30.679687500
-32.000000000
31.000000000
14.781250000
31.000000000
29.648437500
31.000000000
31.000000000
-32.000000000
16.242187500
24.921875000
-32.000000000
-32.000000000
21.484375000
-32.000000000
31.000000000
20.882812500
-32.000000000
-32.000000000
11.945312500
31.000000000
18.691406250
-27.371093750
-17.660156250
-32.000000000
-25.824218750
31.000000000
-29.519531250
31.000000000
31.000000000
-5.542968750
-32.000000000
-19.164062500
2.277343750
-2.535156250
-13.320312500
11.128906250
-8.808593750
2.105468750
15.812500000
31.000000000
-18.648437500
-1.847656250
-9.195312500
15.941406250
-19.207031250
31.000000000
27.414062500
-8.335937500
28.230468750
3.050781250
-32.000000000
-9.195312500
31.000000000
20.367187500
31.000000000
6.660156250
-13.148437500
18.691406250
31.000000000
31.000000000
-3.351562500
-8.207031250
-32.000000000
31.000000000
-31.582031250
31.000000000
-30.035156250
-11.558593750
22.601562500
31.000000000
-30.765625000
22.515625000
-10.441406250
-28.746093750
26.082031250
27.628906250
31.000000000
-29.218750000
31.000000000
-17.960937500
-32.000000000
31.000000000
16.242187500
21.441406250
2.019531250
22.902343750
19.421875000
-32.000000000
-17.273437500
-32.000000000
12.031250000
-32.000000000
-29.390625000
-32.000000000
-32.000000000
-12.890625000
31.000000000
31.000000000
-22.687500000
-32.000000000
-32.000000000
29.347656250
10.355468750
-17.445312500
-5.972656250
16.113281250
-1.031250000
-7.261718750
6.144531250
-5.371093750
31.000000000
31.000000000
27.242187500
5.414062500
7.562500000
-32.000000000
-32.000000000
-12.417968750
27.199218750
-32.000000000
7.089843750
-22.085937500
31.000000000
-32.000000000
-32.000000000
-32.000000000
-12.460937500
16.972656250
-4.296875000
-32.000000000
18.992187500
-18.863281250
31.000000000
-17.359375000
-32.000000000
2.105468750
31.000000000
-31.796875000
-9.796875000
-21.742187500
31.000000000
31.000000000
-20.367187500
31.000000000
-16.027343750
-32.000000000
-32.000000000
-32.000000000
-25.910156250
-16.199218750
-19.035156250
-7.648437500
29.476562500
14.523437500
13.148437500
-16.242187500
26.855468750
10.484375000
17.015625000
-16.113281250
-22.945312500
-32.000000000
13.792968750
14.652343750
-0.472656250
-21.699218750
5.972656250
-6.531250000
-10.699218750
4.253906250
-6.531250000
31.000000000
-25.050781250
2.449218750
-6.144531250
-2.277343750
-29.648437500
19.851562500
-32.000000000
-32.000000000
20.968750000
3.996093750
-29.046875000
-30.679687500
-32.000000000
20.839843750
23.417968750
-14.781250000
20.625000000
-32.000000000
-32.000000000
-32.000000000
1.546875000
0.687500000
31.000000000
-32.000000000
31.000000000
13.750000000
10.914062500
-20.109375000
-32.000000000
-19.894531250
-32.000000000
3.222656250
-32.000000000
-26.812500000
31.000000000
31.000000000
-32.000000000
11.859375000
-15.726562500
21.011718750
14.910156250
-13.062500000
24.449218750
31.000000000
0.816406250
3.093750000
20.753906250
19.636718750
-32.000000000
19.378906250
-5.242187500
-32.000000000
-15.210937500
-12.976562500
21.312500000
-32.000000000
31.000000000
-32.000000000
31.000000000
15.382812500
-32.000000000
-32.000000000
31.000000000
-32.000000000
-32.000000000
-32.000000000
4.898437500
25.265625000
-17.015625000
-32.000000000
-32.000000000
18.992187500
31.000000000
-32.000000000
-22.773437500
-32.000000000
-19.765625000
-32.000000000
-20.023437500
31.000000000
-32.000000000
22.257812500
-32.000000000
-14.609375000
31.000000000
27.328125000
31.000000000
31.000000000
-32.000000000
5.242187500
2.578125000
22.214843750
-32.000000000
-25.523437500
-18.648437500
-23.675781250
-32.000000000
-32.000000000
31.000000000
-25.566406250
-1.289062500
18.390625000
-32.000000000
-0.601562500
-15.554687500
31.000000000
-18.132812500
23.203125000
-26.468750000
-32.000000000
-32.000000000
-28.875000000
16.414062500
-19.121093750
26.039062500
10.828125000
31.000000000
-4.812500000
24.148437500
30.421875000
10.226562500
-19.250000000
-5.843750000
9.109375000
-13.492187500
-14.050781250
-5.929687500
22.515625000
13.750000000
26.511718750
-2.105468750
-13.148437500
0.644531250
-21.312500000
-32.000000000
-28.531250000
10.269531250
31.000000000
-11.257812500
-16.070312500
-32.000000000
31.000000000
-32.000000000
31.000000000
-29.390625000
-3.351562500
9.710937500
-5.671875000
-10.183593750
-3.652343750
-32.000000000
31.000000000
27.371093750
8.851562500
31.000000000
30.722656250
8.378906250
-0.171875000
-29.605468750
-6.789062500
-25.179687500
-32.000000000
7.390625000
-32.000000000
31.000000000
22.472656250
31.000000000
0.730468750
-14.437500000
9.453125000
31.000000000
18.605468750
31.000000000
8.078125000
31.000000000
-27.843750000
-32.000000000
-23.031250000
-19.593750000
18.648437500
5.328125000
-29.648437500
-30.550781250
31.000000000
-5.929687500
-17.531250000
31.000000000
-32.000000000
18.304687500
-7.476562500
6.187500000
-18.949218750
-32.000000000
30.593750000
-32.000000000
-32.000000000
-11.945312500
2.835937500
31.000000000
-32.000000000
31.000000000
20.410156250
-13.578125000
14.523437500
-32.000000000
13.105468750
31.000000000
13.621093750
31.000000000
13.148437500
-31.882812500
13.878906250
-23.375000000
25.867187500
31.000000000
17.875000000
-28.015625000
26.468750000
-32.000000000
10.570312500
-2.320312500
-16.671875000
31.000000000
31.000000000
-27.328125000
-23.117187500
26.640625000
-14.523437500
-32.000000000
22.859375000
-1.031250000
-32.000000000
25.351562500
-26.039062500
31.000000000
19.164062500
-0.945312500
-32.000000000
-7.390625000
18.734375000
21.484375000
28.101562500
-32.000000000
31.000000000
31.000000000
-32.000000000
-11.601562500
24.406250000
31.000000000
18.777343750
-32.000000000
25.652343750
26.339843750
-0.515625000
-8.464843750
-32.000000000
31.000000000
10.441406250
-4.984375000
14.179687500
-32.000000000
0.300781250
-7.218750000
0.601562500
-4.082031250
-3.910156250
-32.000000000
25.265625000
31.000000000
-22.945312500
-22.472656250
3.867187500
-27.714843750
-32.000000000
9.968750000
4.812500000
11.386718750
31.000000000
9.238281250
6.359375000
-13.535156250
14.781250000
31.000000000
-7.777343750
31.000000000
-31.281250000
-5.500000000
-2.062500000
22.558593750
18.218750000
-10.742187500
-31.195312500
-28.101562500
-32.000000000
-4.597656250
-22.171875000
31.000000000
-32.000000000
31.000000000
24.320312500
-32.000000000
8.808593750
31.000000000
-32.000000000
12.417968750
-18.820312500
25.910156250
31.000000000
-24.191406250
31.000000000
-32.000000000
30.679687500
31.000000000
31.000000000
-23.632812500
-32.000000000
20.968750000
9.195312500
-1.890625000
-32.000000000
31.000000000
5.328125000
16.242187500
31.000000000
-2.320312500
31.000000000
6.875000000
31.000000000
-18.046875000
-5.757812500
-20.023437500
31.000000000
9.453125000
-32.000000000
14.781250000
-32.000000000
-17.531250000
31.000000000
-9.839843750
-28.359375000
23.117187500
-28.187500000
31.000000000
-15.640625000
18.132812500
31.000000000
4.082031250
31.000000000
-0.472656250
-32.000000000
31.000000000
31.000000000
-5.628906250
-32.000000000
-32.000000000
-32.000000000
-32.000000000
-20.882812500
-24.363281250
31.000000000
-32.000000000
-1.718750000
2.363281250
26.898437500
25.738281250
-32.000000000
-32.000000000
2.148437500
-17.316406250
-22.687500000
-5.628906250
31.000000000
-18.691406250
7.390625000
27.027343750
10.484375000
-32.000000000
-2.535156250
-28.703125000
31.000000000
-5.285156250
10.183593750
-18.863281250
14.136718750
-32.000000000
31.000000000
-10.570312500
-2.878906250
6.187500000
-25.007812500
-21.226562500
18.648437500
-29.691406250
-12.417968750
-7.347656250
15.167968750
-0.601562500
-21.656250000
17.832031250
7.691406250
0.085937500
-15.125000000
18.390625000
-12.417968750
27.414062500
-22.128906250
29.734375000
-28.187500000
-0.687500000
-32.000000000
15.082031250
15.769531250
21.527343750
-32.000000000
9.066406250
-7.433593750
-11.687500000
-23.117187500
23.460937500
-32.000000000
-32.000000000
-32.000000000
-21.828125000
-13.148437500
31.000000000
-32.000000000
9.281250000
17.531250000
-29.003906250
31.000000000
-14.824218750
7.046875000
31.000000000
-7.562500000
-32.000000000
-32.000000000
31.000000000
3.480468750
31.000000000
-18.519531250
31.000000000
30.851562500
-23.031250000
31.000000000
31.000000000
-18.906250000
31.000000000
-27.929687500
-32.000000000
-32.000000000
-32.000000000
-32.000000000
31.000000000
31.000000000
-32.000000000
-19.507812500
14.953125000
-32.000000000
-32.000000000
-25.093750000
21.484375000
31.000000000
-23.976562500
-8.507812500
29.648437500
25.179687500
-17.875000000
-27.242187500
31.000000000
31.000000000
25.781250000
-32.000000000
20.625000000
-31.195312500
31.000000000
21.312500000
-9.796875000
31.000000000
5.156250000
-32.000000000
31.000000000
-17.789062500
-5.585937500
31.000000000
31.000000000
-4.210937500
-32.000000000
31.000000000
1.503906250
-15.425781250
0.429687500
31.000000000
31.000000000
-32.000000000
19.980468750
1.632812500
31.000000000
30.765625000
-3.910156250
31.000000000
31.000000000
-32.000000000
-22.085937500
6.316406250
-18.218750000
-27.585937500
31.000000000
25.093750000
31.000000000
24.792968750
26.726562500
-23.546875000
-32.000000000
14.781250000
-22.429687500
-32.000000000
-32.000000000
-30.335937500
31.000000000
19.078125000
-32.000000000
31.000000000
-8.636718750
3.394531250
-4.039062500
31.000000000
31.000000000
-32.000000000
1.804687500
-32.000000000
31.000000000
10.570312500
-32.000000000
-8.937500000
-30.164062500
-24.492187500
-0.171875000
-32.000000000
-32.000000000
5.757812500
22.859375000
-22.171875000
-10.656250000
15.640625000
-32.000000000
9.023437500
31.000000000
8.421875000
21.570312500
-32.000000000
31.000000000
31.000000000
-1.289062500
-19.421875000
-32.000000000
22.257812500
-4.726562500
-32.000000000
-6.789062500
24.234375000
11.257812500
-25.093750000
-16.070312500
-16.929687500
-32.000000000
-13.664062500
31.000000000
3.265625000
-5.500000000
-11.601562500
31.000000000
-14.996093750
-10.140625000
31.000000000
17.445312500
-32.000000000
-32.000000000
-30.078125000
-32.000000000
-1.718750000
31.000000000
31.000000000
-10.312500000
31.000000000
25.093750000
20.968750000
-32.000000000
31.000000000
-12.289062500
11.000000000
-32.000000000
31.000000000
-16.671875000
-32.000000000
14.781250000
-32.000000000
-18.390625000
-2.750000000
-32.000000000
-32.000000000
-22.773437500
-10.570312500
-32.000000000
31.000000000
6.875000000
-32.000000000
-30.164062500
31.000000000
31.000000000
4.382812500
-28.875000000
31.000000000
-7.648437500
4.511718750
26.898437500
-32.000000000
-32.000000000
-6.187500000
-32.000000000
-0.515625000
26.382812500
-13.750000000
-25.781250000
16.500000000
-32.000000000
31.000000000
-29.820312500
-19.593750000
-5.500000000
24.062500000
14.953125000
31.000000000
-21.398437500
29.218750000
-32.000000000
26.082031250
26.812500000
-25.867187500
21.226562500
9.109375000
-4.769531250
31.000000000
-31.496093750
-1.074218750
31.000000000
31.000000000
12.289062500
-15.984375000
-32.000000000
-7.734375000
-32.000000000
18.605468750
18.347656250
0.601562500
-5.714843750
31.000000000
-29.820312500
-29.562500000
31.000000000
11.257812500
31.000000000
-17.660156250
-19.851562500
31.000000000
22.945312500
-32.000000000
21.097656250
-4.640625000
-11.773437500
18.519531250
31.000000000
31.000000000
11.558593750
-31.753906250
-32.000000000
3.007812500
-7.175781250
-32.000000000
-18.089843750
-13.578125000
4.726562500
19.335937500
16.757812500
11.945312500
-10.957031250
4.554687500
-32.000000000
-17.703125000
31.000000000
16.628906250
31.000000000
-12.375000000
18.046875000
-11.859375000
22.171875000
22.945312500
-32.000000000
-4.039062500
31.000000000
-18.304687500
-32.000000000
-20.882812500
-32.000000000
-32.000000000
5.714843750
12.933593750
-32.000000000
30.808593750
31.000000000
-5.199218750
31.000000000
-6.101562500
-32.000000000
13.234375000
-17.101562500
-7.777343750
-32.000000000
-20.625000000
-19.851562500
31.000000000
18.476562500
-27.156250000
-25.867187500
7.304687500
-32.000000000
31.000000000
-28.187500000
-32.000000000
-32.000000000
-32.000000000
16.843750000
0.601562500
-22.859375000
1.031250000
31.000000000
31.000000000
-32.000000000
-22.171875000
6.703125000
-14.437500000
-29.734375000
-32.000000000
18.476562500
22.515625000
-32.000000000
31.000000000
13.019531250
-17.273437500
-32.000000000
18.175781250
26.468750000
-16.242187500
-26.984375000
-3.050781250
-32.000000000
-32.000000000
-18.648437500
4.640625000
16.929687500
30.164062500
-30.421875000
-32.000000000
-27.027343750
29.992187500
31.000000000
-24.578125000
31.000000000
24.019531250
-32.000000000
-32.000000000
-32.000000000
31.000000000
-11.773437500
-22.472656250
16.500000000
-24.449218750
7.648437500
31.000000000
-32.000000000
-32.000000000
-32.000000000
-28.101562500
-12.289062500
-32.000000000
31.000000000
18.992187500
-32.000000000
-3.480468750
-4.082031250
4.726562500
16.714843750
28.875000000
14.480468750
9.367187500
-32.000000000
31.000000000
-8.937500000
11.601562500
14.480468750
31.000000000
-19.507812500
-32.000000000
31.000000000
31.000000000
31.000000000
31.000000000
8.335937500
-15.597656250
12.031250000
31.000000000
-32.000000000
7.562500000
31.000000000
-32.000000000
30.292968750
31.000000000
27.585937500
-16.070312500
13.835937500
19.593750000
-6.960937500
8.808593750
-2.964843750
6.660156250
18.562500000
-4.683593750
-32.000000000
3.953125000
14.695312500
-8.378906250
-3.523437500
-1.976562500
-7.992187500
-2.835937500
29.347656250
-32.000000000
31.000000000
4.812500000
-12.375000000
-23.460937500
13.449218750
31.000000000
-32.000000000
-31.753906250
-27.628906250
-32.000000000
-32.000000000
22.429687500
-3.781250000
16.285156250
-23.804687500
-20.667968750
18.648437500
25.652343750
-31.410156250
0.300781250
-20.667968750
29.261718750
-32.000000000
31.000000000
-17.617187500
20.796875000
-10.140625000
3.652343750
-15.554687500
-13.792968750
20.410156250
13.792968750
-23.804687500
-8.593750000
12.804687500
-32.000000000
-3.093750000
-7.347656250
-32.000000000
17.574218750
-32.000000000
-22.988281250
26.597656250
31.000000000
3.695312500
-28.316406250
-2.406250000
14.867187500
18.992187500
18.648437500
14.695312500
-32.000000000
-20.667968750
-1.933593750
-14.652343750
-7.519531250
30.078125000
-32.000000000
22.687500000
-17.015625000
-32.000000000
-2.363281250
-3.308593750
-14.437500000
9.023437500
-24.707031250
3.523437500
31.000000000
27.542968750
19.035156250
-23.976562500
5.371093750
26.554687500
20.539062500
-32.000000000
25.695312500
31.000000000
22.773437500
13.320312500
31.000000000
-28.789062500
-32.000000000
-32.000000000
4.382812500
-32.000000000
-22.171875000
18.906250000
31.000000000
-24.363281250
-16.371093750
1.675781250
-1.976562500
10.097656250
14.179687500
31.000000000
20.753906250
-31.667968750
-0.386718750
-26.425781250
-11.429687500
-32.000000000
7.734375000
-22.171875000
4.468750000
-32.000000000
-1.933593750
18.605468750
-17.316406250
11.859375000
2.492187500
31.000000000
31.000000000
-3.437500000
9.839843750
3.695312500
-14.910156250
31.000000000
-32.000000000
12.460937500
-14.609375000
-29.304687500
-32.000000000
31.000000000
-25.996093750
-29.476562500
21.570312500
-18.820312500
3.609375000
-29.562500000
-12.117187500
-32.000000000
-32.000000000
-8.421875000
27.414062500
-10.656250000
31.000000000
-32.000000000
31.000000000
-32.000000000
19.636718750
-32.000000000
31.000000000
-18.304687500
31.000000000
31.000000000
15.812500000
22.687500000
-32.000000000
31.000000000
-32.000000000
-10.742187500
-0.859375000
-32.000000000
-32.000000000
31.000000000
31.000000000
31.000000000
-32.000000000
19.593750000
31.000000000
17.488281250
31.000000000
31.000000000
3.523437500
31.000000000
-8.421875000
-32.000000000
-17.832031250
-14.867187500
-7.261718750
31.000000000
7.304687500
15.039062500
-32.000000000
31.000000000
7.347656250
-12.718750000
-1.589843750
5.800781250
-13.406250000
31.000000000
-32.000000000
-6.789062500
29.433593750
31.000000000
-18.863281250
28.058593750
-5.500000000
-7.132812500
-4.726562500
31.000000000
-32.000000000
15.554687500
-32.000000000
27.757812500
-32.000000000
-27.070312500
-27.671875000
-16.500000000
-32.000000000
28.832031250
21.269531250
14.007812500
-16.671875000
-2.148437500
31.000000000
10.441406250
31.000000000
-9.281250000
-18.046875000
31.000000000
12.074218750
24.277343750
-27.414062500
-18.863281250
31.000000000
17.058593750
31.000000000
-32.000000000
-32.000000000
7.261718750
25.996093750
15.683593750
-1.332031250
31.000000000
-32.000000000
11.773437500
19.421875000
8.722656250
31.000000000
-32.000000000
31.000000000
9.539062500
-27.328125000
-32.000000000
-1.031250000
-25.437500000
-32.000000000
-25.265625000
-28.273437500
31.000000000
-29.304687500
24.835937500
-32.000000000
-17.144531250
-13.363281250
-32.000000000
31.000000000
3.265625000
-32.000000000
31.000000000
31.000000000
-17.230468750
-32.000000000
11.343750000
-0.730468750
-32.000000000
-32.000000000
3.523437500
31.000000000
31.000000000
31.000000000
20.539062500
31.000000000
-12.976562500
-18.046875000
-32.000000000
-19.335937500
-32.000000000
31.000000000
3.222656250
31.000000000
8.808593750
-12.718750000
27.671875000
-2.019531250
-1.375000000
-12.289062500
4.941406250
-21.699218750
31.000000000
9.968750000
31.000000000
31.000000000
29.132812500
-12.675781250
-32.000000000
-5.500000000
-27.585937500
-27.757812500
-22.171875000
22.945312500
-24.148437500
-32.000000000
26.425781250
-2.234375000
-16.070312500
18.734375000
-32.000000000
12.031250000
-19.250000000
-12.546875000
31.000000000
-2.062500000
-20.925781250
7.992187500
-32.000000000
-32.000000000
31.000000000
-32.000000000
-28.617187500
9.453125000
21.957031250
-32.000000000
6.660156250
20.496093750
-20.195312500
1.117187500
31.000000000
-16.585937500
-27.671875000
5.070312500
-4.812500000
-19.164062500
7.734375000
31.000000000
31.000000000
-21.914062500
31.000000000
7.648437500
-32.000000000
14.093750000
31.000000000
-23.632812500
-31.195312500
-32.000000000
-15.812500000
31.000000000
31.000000000
2.921875000
9.582031250
2.750000000
-32.000000000
31.000000000
0.257812500
19.035156250
-6.316406250
8.464843750
31.000000000
-14.910156250
26.898437500
13.878906250
12.503906250
-3.652343750
31.000000000
2.320312500
-29.820312500
15.382812500
-32.000000000
31.000000000
-32.000000000
-7.562500000
5.757812500
-32.000000000
31.000000000
31.000000000
-32.000000000
-32.000000000
12.976562500
-32.000000000
3.609375000
31.000000000
28.875000000
-32.000000000
31.000000000
26.898437500
7.906250000
-32.000000000
-11.429687500
-32.000000000
16.757812500
29.734375000
-8.851562500
9.453125000
0.859375000
22.171875000
11.343750000
-8.164062500
31.000000000
-19.937500000
-24.148437500
-7.562500000
21.226562500
-22.515625000
-11.257812500
31.000000000
31.000000000
31.000000000
31.000000000
26.812500000
-32.000000000
31.000000000
31.000000000
-29.949218750
-8.550781250
-31.023437500
-8.207031250
-29.734375000
31.000000000
20.496093750
30.078125000
-26.726562500
-32.000000000
-32.000000000
-32.000000000
-32.000000000
15.468750000
-12.203125000
18.304687500
31.000000000
5.070312500
-26.812500000
31.000000000
-32.000000000
-25.781250000
9.582031250
6.015625000
-24.406250000
-30.250000000
13.062500000
31.000000000
6.359375000
-6.230468750
31.000000000
-16.113281250
-6.445312500
-32.000000000
8.808593750
-32.000000000
-20.882812500
24.449218750
9.753906250
-0.257812500
-8.078125000
-4.339843750
-19.550781250
5.027343750
14.867187500
31.000000000
22.085937500
-4.640625000
-28.144531250
10.656250000
7.089843750
-29.734375000
-14.308593750
31.000000000
-15.210937500
1.289062500
18.132812500
-17.445312500
-2.535156250
7.906250000
14.566406250
-32.000000000
21.269531250
-12.031250000
-27.714843750
19.250000000
-8.765625000
4.769531250
30.851562500
31.000000000
19.765625000
-12.546875000
-32.000000000
27.929687500
-32.000000000
0.343750000
-16.070312500
-18.949218750
31.000000000
31.000000000
31.000000000
-25.136718750
20.710937500
-17.574218750
31.000000000
-32.000000000
-32.000000000
-6.230468750
-17.187500000
-32.000000000
31.000000000
-18.046875000
19.937500000
31.000000000
25.695312500
31.000000000
-32.000000000
-32.000000000
-32.000000000
24.492187500
-10.398437500
-22.000000000
1.460937500
-25.093750000
-3.609375000
31.000000000
31.000000000
0.773437500
5.929687500
-18.390625000
31.000000000
-7.691406250
13.191406250
25.007812500
-5.929687500
31.000000000
31.000000000
29.605468750
-32.000000000
27.929687500
-11.171875000
31.000000000
13.105468750
25.910156250
6.703125000
9.839843750
15.984375000
23.890625000
-32.000000000
-32.000000000
31.000000000
-9.625000000
-8.078125000
-11.902343750
13.707031250
10.871093750
8.593750000
-20.882812500
31.000000000
0.816406250
26.339843750
31.000000000
-32.000000000
30.636718750
-32.000000000
2.019531250
13.750000000
-14.093750000
11.644531250
25.265625000
-32.000000000
17.789062500
-22.988281250
31.000000000
19.851562500
18.003906250
23.546875000
31.000000000
-6.703125000
15.554687500
-14.652343750
-32.000000000
-14.437500000
-32.000000000
31.000000000
18.046875000
-21.742187500
-32.000000000
-7.003906250
25.824218750
31.000000000
-22.429687500
-7.863281250
-32.000000000
31.000000000
31.000000000
-17.531250000
-18.648437500
31.000000000
31.000000000
21.269531250
10.011718750
-13.019531250
31.000000000
-6.101562500
24.191406250
-32.000000000
-13.148437500
26.425781250
31.000000000
11.042968750
-23.933593750
-17.402343750
-4.253906250
18.476562500
-8.207031250
31.000000000
31.000000000
-2.234375000
-13.148437500
25.007812500
-32.000000000
-18.734375000
31.000000000
31.000000000
-18.304687500
31.000000000
-1.546875000
31.000000000
-8.550781250
-16.328125000
-19.121093750
-32.000000000
26.812500000
8.292968750
-32.000000000
-22.644531250
18.820312500
4.554687500
11.128906250
-1.675781250
-17.273437500
30.292968750
-14.523437500
24.621093750
16.500000000
-6.144531250
28.703125000
31.000000000
1.933593750
20.410156250
23.246093750
-20.410156250
31.000000000
-20.710937500
-19.808593750
4.382812500
-22.429687500
9.066406250
-29.648437500
-30.035156250
3.523437500
31.000000000
31.000000000
31.000000000
24.105468750
-18.175781250
-30.636718750
-32.000000000
-21.828125000
-26.812500000
-32.000000000
-0.773437500
12.375000000
31.000000000
-32.000000000
-30.335937500
31.000000000
20.710937500
17.703125000
31.000000000
-32.000000000
-4.468750000
-28.230468750
-10.828125000
-32.000000000
31.000000000
31.000000000
-32.000000000
-12.031250000
-10.054687500
11.644531250
-30.593750000
-0.773437500
3.996093750
-25.996093750
-28.875000000
31.000000000
-4.726562500
-24.750000000
-19.507812500
-18.691406250
31.000000000
26.468750000
31.000000000
-28.703125000
31.000000000
-1.375000000
4.984375000
-16.113281250
20.539062500
-0.601562500
-11.515625000
31.000000000
-9.839843750
31.000000000
31.000000000
-24.234375000
8.207031250
31.000000000
4.468750000
-27.199218750
-32.000000000
1.933593750
-32.000000000
-32.000000000
-26.984375000
-25.050781250
-7.347656250
-9.582031250
-32.000000000
-0.128906250
10.613281250
1.589843750
29.949218750
5.929687500
-32.000000000
31.000000000
-21.140625000
-25.910156250
-17.832031250
31.000000000
29.347656250
12.460937500
9.882812500
-24.019531250
-32.000000000
31.000000000
-10.656250000
-17.789062500
31.000000000
-32.000000000
-5.027343750
-16.886718750
-1.160156250
-21.269531250
-7.820312500
12.289062500
-16.457031250
-16.242187500
22.128906250
-14.222656250
0.945312500
0.472656250
-14.652343750
1.417968750
21.140625000
-14.953125000
-32.000000000
6.960937500
15.082031250
9.882812500
-19.722656250
-6.789062500
-11.429687500
-14.093750000
-16.628906250
31.000000000
31.000000000
31.000000000
31.000000000
10.269531250
-17.574218750
-22.128906250
17.187500000
22.128906250
-32.000000000
-8.292968750
7.175781250
-7.562500000
31.000000000
11.687500000
-1.460937500
9.023437500
-3.523437500
1.589843750
-3.652343750
-29.562500000
-15.511718750
31.000000000
31.000000000
16.070312500
26.339843750
-31.238281250
-8.679687500
-28.058593750
20.238281250
31.000000000
1.718750000
31.000000000
31.000000000
5.714843750
-5.027343750
-22.988281250
2.449218750
-21.742187500
31.000000000
25.437500000
-32.000000000
-0.300781250
31.000000000
-24.578125000
31.000000000
-26.941406250
-10.140625000
20.882812500
20.539062500
31.000000000
4.082031250
18.390625000
-10.312500000
29.003906250
31.000000000
31.000000000
31.000000000
-32.000000000
-20.968750000
-22.515625000
-32.000000000
30.250000000
-28.960937500
-32.000000000
31.000000000
31.000000000
-0.515625000
-2.406250000
-30.593750000
-32.000000000
-16.199218750
17.960937500
31.000000000
-27.800781250
-7.691406250
2.792968750
31.000000000
-21.269531250
26.554687500
27.757812500
-28.789062500
31.000000000
17.574218750
8.722656250
18.648437500
-28.402343750
-25.093750000
31.000000000
-2.621093750
-18.820312500
0.214843750
-32.000000000
15.253906250
18.562500000
-23.632812500
-32.000000000
-8.894531250
-24.191406250
3.910156250
-18.648437500
-32.000000000
20.710937500
19.851562500
25.007812500
-17.101562500
-17.617187500
-32.000000000
-18.562500000
-5.757812500
-0.601562500
-28.703125000
21.312500000
26.554687500
-20.453125000
-21.828125000
-32.000000000
6.187500000
19.335937500
-25.007812500
-12.632812500
31.000000000
27.070312500
31.000000000
20.367187500
-8.250000000
24.578125000
31.000000000
-31.968750000
25.265625000
11.343750000
31.000000000
-32.000000000
31.000000000
-19.207031250
-32.000000000
12.246093750
31.000000000
31.000000000
29.218750000
-15.769531250
19.421875000
31.000000000
17.230468750
-20.238281250
28.960937500
-6.574218750
-8.808593750
-32.000000000
10.828125000
30.164062500
22.085937500
31.000000000
31.000000000
-16.757812500
-21.570312500
7.175781250
6.703125000
-8.207031250
31.000000000
-19.378906250
25.867187500
3.093750000
-1.589843750
-23.890625000
19.808593750
31.000000000
31.000000000
-32.000000000
10.484375000
-3.050781250
-32.000000000
31.000000000
-32.000000000
26.382812500
14.351562500
-32.000000000
-32.000000000
-23.718750000
-17.359375000
-24.921875000
31.000000000
-20.066406250
-12.976562500
-32.000000000
19.421875000
-32.000000000
31.000000000
-32.000000000
-32.000000000
31.000000000
-21.054687500
11.085937500
31.000000000
-1.332031250
-32.000000000
-32.000000000
10.484375000
28.531250000
-22.000000000
-2.449218750
12.933593750
17.230468750
31.000000000
-13.535156250
-25.523437500
27.156250000
25.781250000
-7.992187500
-0.515625000
31.000000000
31.000000000
-32.000000000
-32.000000000
-9.281250000
-12.031250000
-32.000000000
10.054687500
-3.394531250
-1.246093750
-32.000000000
30.250000000
-32.000000000
25.050781250
16.585937500
18.347656250
31.000000000
-0.945312500
30.980468750
-31.453125000
-1.332031250
-21.140625000
-32.000000000
-3.136718750
14.265625000
15.339843750
6.273437500
-15.339843750
7.046875000
-17.832031250
-6.789062500
31.000000000
24.750000000
-25.351562500
1.546875000
30.464843750
-16.671875000
31.000000000
31.000000000
-32.000000000
-4.597656250
-18.519531250
-2.664062500
13.664062500
-0.128906250
-32.000000000
-3.781250000
-18.261718750
3.953125000
-16.328125000
-17.015625000
-24.234375000
-22.816406250
-20.023437500
31.000000000
-5.542968750
21.140625000
31.000000000
-32.000000000
5.285156250
25.781250000
2.664062500
-32.000000000
1.976562500
-2.062500000
-32.000000000
-26.039062500
-5.843750000
30.335937500
-32.000000000
31.000000000
31.000000000
7.648437500
-12.503906250
31.000000000
31.000000000
31.000000000
-32.000000000
5.800781250
9.281250000
11.000000000
-14.609375000
27.757812500
22.687500000
-13.707031250
20.796875000
-32.000000000
31.000000000
-4.855468750
11.902343750
11.085937500
-32.000000000
-32.000000000
-26.984375000
17.445312500
-16.671875000
-28.273437500
-27.585937500
-7.218750000
-32.000000000
-32.000000000
-11.171875000
-2.750000000
-6.316406250
-32.000000000
-26.640625000
-32.000000000
31.000000000
-32.000000000
31.000000000
-32.000000000
-32.000000000
21.484375000
-21.570312500
30.765625000
0.773437500
-0.257812500
0.601562500
-24.750000000
-32.000000000
31.000000000
-15.468750000
-32.000000000
19.207031250
-7.863281250
-32.000000000
-30.593750000
16.843750000
29.605468750
28.660156250
-4.683593750
31.000000000
11.644531250
31.000000000
-12.589843750
23.503906250
-32.000000000
24.105468750
12.718750000
-19.765625000
-0.128906250
-21.785156250
1.546875000
15.082031250
25.523437500
-30.250000000
-1.289062500
21.699218750
2.449218750
-11.730468750
27.671875000
-9.667968750
31.000000000
-3.265625000
31.000000000
-25.351562500
-18.175781250
27.414062500
24.449218750
9.281250000
5.714843750
25.738281250
31.000000000
-32.000000000
-23.589843750
-32.000000000
-0.902343750
-27.714843750
31.000000000
31.000000000
13.062500000
31.000000000
22.343750000
-15.554687500
-9.539062500
-32.000000000
-26.812500000
31.000000000
31.000000000
31.000000000
-17.101562500
28.445312500
-32.000000000
15.296875000
31.000000000
-32.000000000
2.750000000
10.914062500
-32.000000000
26.210937500
-32.000000000
-19.335937500
4.554687500
17.531250000
31.000000000
12.804687500
11.042968750
31.000000000
20.109375000
11.085937500
-25.437500000
31.000000000
23.417968750
-10.484375000
31.000000000
3.265625000
22.429687500
31.000000000
31.000000000
-32.000000000
31.000000000
23.417968750
-32.000000000
23.117187500
16.757812500
-18.261718750
31.000000000
-32.000000000
-21.312500000
-6.703125000
-28.058593750
-24.878906250
-18.261718750
27.929687500
-1.417968750
-32.000000000
-31.625000000
1.375000000
-2.707031250
12.675781250
-15.554687500
29.906250000
-13.148437500
26.726562500
31.000000000
31.000000000
-32.000000000
31.000000000
31.000000000
-32.000000000
-1.031250000
-9.882812500
-24.406250000
31.000000000
31.000000000
-29.777343750
27.500000000
-18.648437500
-32.000000000
-5.671875000
31.000000000
-6.832031250
31.000000000
31.000000000
25.953125000
26.511718750
-19.679687500
15.296875000
-21.914062500
-29.562500000
9.023437500
-14.351562500
-32.000000000
20.195312500
-32.000000000
-3.437500000
-25.652343750
-32.000000000
27.371093750
-22.386718750
-32.000000000
2.664062500
-32.000000000
31.000000000
-12.933593750
8.035156250
-28.746093750
17.789062500
18.218750000
-2.492187500
31.000000000
27.585937500
-17.617187500
-32.000000000
3.953125000
18.476562500
-21.484375000
31.000000000
31.000000000
-14.179687500
-3.910156250
17.660156250
16.027343750
-3.265625000
-32.000000000
10.355468750
-10.312500000
14.652343750
-8.507812500
-20.625000000
-28.789062500
31.000000000
31.000000000
29.820312500
31.000000000
2.492187500
31.000000000
-9.195312500
-9.625000000
-20.625000000
-32.000000000
17.960937500
31.000000000
-6.703125000
-17.960937500
-25.136718750
-32.000000000
-22.128906250
-8.550781250
-11.257812500
-15.941406250
-25.867187500
-8.550781250
-31.539062500
31.000000000
31.000000000
-32.000000000
-32.000000000
-24.019531250
-11.988281250
31.000000000
-29.734375000
31.000000000
-26.726562500
31.000000000
-0.601562500
-32.000000000
13.062500000
-32.000000000
24.578125000
-21.312500000
31.000000000
-14.437500000
-5.929687500
22.171875000
4.125000000
24.835937500
31.000000000
-32.000000000
31.000000000
-32.000000000
27.328125000
-32.000000000
-32.000000000
-32.000000000
-32.000000000
16.757812500
31.000000000
-32.000000000
19.765625000
28.273437500
-14.351562500
31.000000000
12.031250000
31.000000000
-32.000000000
8.250000000
-32.000000000
30.550781250
20.195312500
25.609375000
-28.273437500
-20.023437500
31.000000000
-11.429687500
-0.902343750
-23.203125000
-24.621093750
14.222656250
31.000000000
19.250000000
24.835937500
-32.000000000
27.113281250
-0.085937500
26.167968750
31.000000000
-25.437500000
10.054687500
-32.000000000
-32.000000000
-21.570312500
-32.000000000
-30.164062500
9.796875000
1.375000000
31.000000000
-32.000000000
0.085937500
-32.000000000
-18.648437500
11.687500000
31.000000000
-32.000000000
2.019531250
-6.187500000
14.695312500
-3.996093750
-15.339843750
-28.617187500
-14.480468750
31.000000000
-32.000000000
31.000000000
-32.000000000
23.417968750
-2.578125000
31.000000000
31.000000000
31.000000000
31.000000000
24.234375000
19.851562500
-28.230468750
7.648437500
-22.000000000
31.000000000
-23.976562500
-32.000000000
4.726562500
20.539062500
31.000000000
23.289062500
29.562500000
23.246093750
-19.335937500
-32.000000000
-32.000000000
-32.000000000
31.000000000
-2.234375000
20.582031250
18.734375000
-32.000000000
0.515625000
-13.277343750
17.230468750
-12.761718750
21.011718750
-32.000000000
-32.000000000
15.339843750
31.000000000
-19.335937500
-7.820312500
31.000000000
-28.101562500
-2.363281250
31.000000000
-32.000000000
30.937500000
-19.808593750
31.000000000
-32.000000000
31.000000000
-28.875000000
-6.101562500
0.000000000
-1.589843750
-32.000000000
-32.000000000
5.800781250
-23.804687500
-32.000000000
-32.000000000
-3.308593750
1.332031250
17.144531250
-17.789062500
29.347656250
-17.144531250
-32.000000000
17.101562500
-5.800781250
-19.679687500
5.628906250
31.000000000
-32.000000000
14.351562500
20.882812500
-32.000000000
21.871093750
26.125000000
-17.273437500
-10.226562500
25.136718750
-32.000000000
-18.089843750
-29.003906250
29.347656250
-0.816406250
-22.558593750
30.980468750
-11.859375000
-25.007812500
-17.531250000
-32.000000000
31.000000000
-15.511718750
6.488281250
4.941406250
-32.000000000
26.210937500
8.164062500
19.679687500
-27.414062500
-19.722656250
18.261718750
19.550781250
-32.000000000
-31.539062500
-32.000000000
-32.000000000
-32.000000000
-5.929687500
-31.195312500
4.984375000
3.437500000
31.000000000
31.000000000
-4.039062500
25.351562500
9.324218750
31.000000000
19.421875000
-31.710937500
-32.000000000
-32.000000000
13.234375000
-32.000000000
18.648437500
-0.171875000
-32.000000000
-32.000000000
-26.554687500
-11.945312500
31.000000000
-32.000000000
27.328125000
22.000000000
0.601562500
31.000000000
31.000000000
6.101562500
-32.000000000
-28.187500000
-21.312500000
29.261718750
-32.000000000
-18.132812500
24.406250000
13.664062500
1.031250000
-12.460937500
31.000000000
-32.000000000
-23.460937500
1.976562500
-32.000000000
31.000000000
31.000000000
31.000000000
-19.937500000
-32.000000000
-32.000000000
-23.031250000
-32.000000000
-8.250000000
-20.281250000
-22.945312500
31.000000000
-5.414062500
31.000000000
-4.039062500
31.000000000
31.000000000
-11.085937500
-32.000000000
19.335937500
30.121093750
-22.988281250
-23.890625000
7.433593750
6.746093750
-32.000000000
27.843750000
24.707031250
-32.000000000
21.656250000
27.757812500
-16.070312500
8.937500000
21.097656250
24.019531250
27.371093750
8.507812500
-20.109375000
-32.000000000
18.519531250
9.109375000
31.000000000
12.117187500
12.460937500
22.687500000
-17.875000000
-26.554687500
-32.000000000
27.671875000
-12.117187500
3.136718750
-27.070312500
10.570312500
-9.281250000
4.511718750
17.359375000
-32.000000000
-32.000000000
10.914062500
-32.000000000
31.000000000
-23.289062500
-7.992187500
19.593750000
-32.000000000
-24.406250000
31.000000000
-23.503906250
16.671875000
14.781250000
31.000000000
31.000000000
31.000000000
-12.289062500
31.000000000
-12.203125000
-32.000000000
-17.960937500
-32.000000000
-6.187500000
31.000000000
8.679687500
-15.125000000
31.000000000
-1.117187500
31.000000000
-32.000000000
-0.171875000
27.972656250
31.000000000
-27.414062500
-32.000000000
31.000000000
27.843750000
22.085937500
-32.000000000
10.226562500
16.929687500
31.000000000
31.000000000
-32.000000000
0.730468750
2.750000000
13.363281250
-32.000000000
-32.000000000
31.000000000
-14.867187500
-17.789062500
-8.164062500
12.804687500
-22.171875000
31.000000000
-4.425781250
-25.050781250
-1.761718750
-12.203125000
2.578125000
-32.000000000
5.285156250
8.207031250
-22.214843750
13.062500000
11.644531250
-20.667968750
-26.554687500
-15.898437500
31.000000000
31.000000000
12.332031250
21.699218750
31.000000000
6.917968750
-13.492187500
31.000000000
-17.875000000
31.000000000
31.000000000
0.343750000
-18.906250000
11.644531250
12.460937500
-0.945312500
-15.511718750
-5.585937500
0.773437500
10.656250000
6.230468750
31.000000000
31.000000000
0.300781250
-27.929687500
-27.414062500
17.230468750
31.000000000
31.000000000
29.476562500
-32.000000000
7.562500000
-32.000000000
11.515625000
16.585937500
4.382812500
17.917968750
-32.000000000
-12.546875000
21.828125000
24.578125000
18.003906250
7.820312500
-32.000000000
31.000000000
31.000000000
-15.554687500
4.425781250
17.101562500
-13.578125000
31.000000000
-32.000000000
20.109375000
-32.000000000
31.000000000
-32.000000000
-18.175781250
-32.000000000
-24.277343750
5.757812500
0.730468750
22.472656250
-9.410156250
31.000000000
30.937500000
28.531250000
14.351562500
-12.546875000
-16.714843750
-17.960937500
-32.000000000
19.851562500
7.777343750
-3.781250000
11.515625000
29.132812500
-1.675781250
31.000000000
9.453125000
-32.000000000
-2.019531250
1.976562500
-32.000000000
-25.007812500
31.000000000
-22.515625000
-32.000000000
-29.605468750
23.375000000
-32.000000000
31.000000000
-22.042968750
7.003906250
9.195312500
25.566406250
31.000000000
10.914062500
9.023437500
-32.000000000
-7.691406250
-14.265625000
-25.437500000
11.300781250
-12.718750000
-4.855468750
8.378906250
10.484375000
-32.000000000
-17.746093750
6.574218750
16.757812500
31.000000000
-20.109375000
-9.324218750
-32.000000000
27.457031250
31.000000000
31.000000000
31.000000000
31.000000000
-31.238281250
28.660156250
31.000000000
-1.460937500
18.347656250
11.386718750
0.988281250
31.000000000
22.000000000
7.261718750
-10.269531250
-25.265625000
-5.242187500
14.523437500
-32.000000000
19.937500000
31.000000000
-31.367187500
12.718750000
23.761718750
26.339843750
-29.347656250
31.000000000
7.605468750
-24.621093750
11.214843750
31.000000000
-32.000000000
31.000000000
18.992187500
26.640625000
-1.546875000
31.000000000
-32.000000000
-16.585937500
-32.000000000
-17.531250000
31.000000000
1.375000000
31.000000000
30.250000000
31.000000000
-31.367187500
-22.085937500
0.773437500
31.000000000
17.359375000
-18.734375000
31.000000000
-3.609375000
31.000000000
-26.210937500
22.085937500
-1.203125000
-32.000000000
-32.000000000
-31.882812500
-32.000000000
-32.000000000
-3.351562500
-2.062500000
25.695312500
-9.453125000
20.066406250
-20.968750000
-32.000000000
-6.230468750
-12.375000000
-26.597656250
-5.886718750
24.148437500
5.585937500
-19.679687500
-12.976562500
19.636718750
31.000000000
31.000000000
-8.980468750
27.585937500
31.000000000
31.000000000
-32.000000000
31.000000000
21.742187500
31.000000000
9.796875000
26.468750000
-6.617187500
-12.031250000
-7.734375000
28.531250000
-30.078125000
-32.000000000
-16.757812500
20.625000000
12.718750000
-32.000000000
-28.445312500
22.687500000
31.000000000
-32.000000000
6.101562500
-32.000000000
-27.843750000
25.609375000
-29.476562500
31.000000000
-32.000000000
-32.000000000
2.835937500
-7.218750000
31.000000000
-24.234375000
-32.000000000
8.593750000
-20.109375000
-14.351562500
13.105468750
14.523437500
-29.390625000
-14.781250000
-13.234375000
29.648437500
31.000000000
-22.000000000
-32.000000000
-13.750000000
-26.554687500
-32.000000000
29.906250000
31.000000000
-32.000000000
3.695312500
25.523437500
25.781250000
28.015625000
-2.921875000
-32.000000000
31.000000000
-14.523437500
2.664062500
20.195312500
31.000000000
-19.250000000
-20.367187500
0.773437500
-3.609375000
-32.000000000
21.312500000
31.000000000
-27.328125000
-32.000000000
-32.000000000
25.007812500
31.000000000
-32.000000000
3.695312500
27.371093750
-9.753906250
-15.640625000
10.699218750
-18.003906250
-7.820312500
31.000000000
31.000000000
18.347656250
-32.000000000
26.554687500
31.000000000
15.425781250
-32.000000000
31.000000000
16.414062500
-26.296875000
-5.371093750
-10.484375000
10.269531250
-11.171875000
13.750000000
-20.238281250
-10.398437500
-8.464843750
13.621093750
31.000000000
31.000000000
-32.000000000
-15.210937500
-17.832031250
15.210937500
-32.000000000
31.000000000
-32.000000000
-13.578125000
20.066406250
29.734375000
-14.953125000
14.351562500
31.000000000
31.000000000
-17.187500000
3.953125000
-32.000000000
-4.425781250
27.929687500
18.906250000
31.000000000
-32.000000000
31.000000000
31.000000000
31.000000000
-28.058593750
-32.000000000
17.015625000
31.000000000
-19.121093750
-32.000000000
-28.015625000
-27.285156250
-16.585937500
-13.234375000
-11.515625000
-32.000000000
31.000000000
2.363281250
15.812500000
21.484375000
31.000000000
19.121093750
-24.664062500
-32.000000000
31.000000000
31.000000000
-20.023437500
-20.582031250
-25.437500000
16.457031250
-5.585937500
31.000000000
17.015625000
-32.000000000
-0.558593750
31.000000000
-14.523437500
-15.511718750
-5.457031250
-18.734375000
31.000000000
19.593750000
-17.402343750
-10.871093750
31.000000000
-23.546875000
-23.976562500
-10.613281250
