914.568311031
-640.829876700
540.313788406
614.151238611
525.612944786
-704.631275390
716.939323511
787.051768232
549.894948424
-477.697033472
648.456672135
458.753213918
770.794886418
537.685295911
-476.974002910
775.705324317
-551.531207932
-990.694434827
-690.643877692
550.390563415
-427.437341104
701.301131899
-338.530408695
-314.700633020
-575.230522298
-490.286886643
-763.547534397
-789.766452294
-601.906498473
-571.771694926
285.350916779
408.495261392
-484.166830085
-927.680586573
-707.547217214
422.064893574
-490.262579567
428.569096993
642.260462205
402.265688798
715.445543298
566.248002618
-448.481448222
-692.319686668
-390.095424948
-406.209504004
-486.720720567
823.544692418
-1035.897682751
-663.713435183
387.921926167
-771.620231351
492.200378418
-705.894158026
635.999352072
-608.567991030
-651.239474648
253.360111682
640.695069668
486.137531255
442.940227319
560.331440209
726.375367983
728.768435516
436.677481776
-407.016720522
-388.810560240
708.580112056
-614.862185045
-912.901734702
-572.822429412
-368.365700911
598.466847260
-437.208909307
410.462554503
-435.077699429
-465.197813966
-541.103406592
369.928383599
-705.079195875
42.286147331
-145.529499321
461.005816597
-535.043501580
685.636389440
279.397477441
-628.032930370
142.168145755
-157.186369309
-499.503406361
-393.012688284
-540.068332665
-280.876972279
-345.183003705
-4.918757924
-96.277206173
-387.198847561
-461.159085330
-512.657345303
655.583473415
428.628578784
-330.911965651
-285.568017022
-656.387048195
-680.857201072
-440.144211208
-577.051190788
-580.419498217
-120.444391605
542.023003301
-731.120666305
383.828716384
-508.047463486
-301.023938570
941.921896899
-337.769007520
595.822952055
-584.637504156
-489.308013276
493.353521326
-508.766770302
558.555883221
-414.112832783
463.965823800
693.805720521
-495.421431026
-514.035040966
345.838021806
-663.802994605
-421.445440764
-801.668268903
631.933553869
713.625672400
632.167429072
603.784664134
611.501776307
918.389939230
929.062593771
886.194829297
564.849645097
-920.176037957
750.275719759
-938.328597171
-536.756264979
-720.825713763
992.068787996
696.845224318
565.246353666
713.017780477
-740.016817255
564.073859221
695.529178531
861.271861990
935.660407273
653.833159570
-727.502063066
740.723242569
-759.923228640
731.433446449
-769.043323562
1195.761659376
753.826793158
-957.035277294
-805.965419489
-851.906241752
754.326094082
-854.438311773
1017.548000236
940.868733509
-809.944574708
-863.232786754
650.435605194
715.968091007
-1366.554801122
-940.512850696
-1025.138208911
731.315205573
824.001790506
1070.330526159
977.730108550
1148.239236048
913.312793870
-1213.128581695
721.274973362
1013.137149432
1044.382494649
-882.877454460
796.547191175
953.161616749
-742.851240533
796.122519851
962.163996259
808.897573483
934.545528570
739.457077092
-827.998120214
-1230.715188512
-475.219155840
1128.659359032
482.176709387
667.618687489
-981.048275552
1058.434182791
789.535320743
-510.905724140
853.969866549
-543.434918341
-1079.745216225
-582.179472732
787.352882082
602.588049953
369.797104411
618.859112329
365.708821074
1036.239615166
808.747551909
-1127.401809843
770.883134926
-182.583635213
717.830865678
528.370497316
610.648678253
-888.157577173
-879.432537335
-803.523523118
-300.879597806
528.835787438
-429.797182658
382.357522508
545.954661217
-492.304335940
-842.365043171
-262.281947947
-329.742390586
-448.531712241
-481.804199801
-401.395242697
-705.239267349
405.494627113
-107.848844294
-441.376548374
266.879386265
-437.705000627
508.801088272
595.427605083
-604.628684634
412.209406124
801.599343403
141.365386021
291.174625858
-744.071558401
414.618715889
-668.607127170
103.518841347
370.718866893
173.466936669
168.500602084
-715.078537819
-484.482975364
855.262589084
451.510681056
-646.290574792
609.351115945
169.034412156
530.590899491
-455.732113062
-379.315550757
-521.993003340
418.716957218
407.221306708
-511.940984733
-529.783215089
-724.278007894
-1032.207236186
341.646748088
-986.050262123
452.744306531
-784.287606971
667.295242589
-849.714153706
-773.950579014
-650.599997249
-618.106614932
845.691211589
-567.601061576
535.416359449
880.613301365
644.674720692
953.925884356
-968.295710851
611.771144657
629.384602346
695.731063950
-831.780006259
-561.841763199
-672.161864219
-672.647905315
518.603551922
606.844861611
-752.115822528
600.994055184
312.198337148
518.192752747
-489.433246211
-947.169155219
510.410068247
-563.280103078
-574.547687080
-539.113095910
-697.245719848
-543.300539286
777.208958710
-673.602188072
631.642343346
847.931664425
-206.893930406
589.489586181
359.441959014
643.165517325
-714.784405229
-616.917913506
821.705343733
-183.844236123
-524.504453128
-222.966639129
-721.793014126
695.519550242
492.084155197
-730.264428669
-172.647140463
552.394384686
612.744333352
-714.838625595
809.842601971
-841.356311634
-552.903075293
235.832381468
678.561483251
-191.709225999
-447.194642001
526.898992564
-537.252728423
638.550700706
-410.372927180
597.905343191
191.815899121
325.737232102
-745.129727328
-544.573454911
709.138632408
-316.431208917
556.028359010
254.470798691
-495.356167844
-534.207185624
608.070056577
-585.435865308
-317.049736823
582.904312473
277.411870209
-430.529845109
552.969038004
771.436704226
-756.461027353
640.062213839
839.158851766
-218.110356079
-541.388592142
891.753366607
585.566449948
-522.840220137
-511.624142825
-859.606691314
-338.674955376
745.180394002
-797.458435572
-771.894729692
884.279302778
-695.000772015
549.874750906
-362.490388726
-961.319624942
-837.750911791
703.894096040
1149.142528632
-684.688993174
706.056702364
713.834469356
828.425973334
1329.039968251
788.785861743
747.237647948
-1028.181548758
-875.496408386
830.144865058
-798.744967306
-844.630878374
-753.548664335
-874.875025489
864.321906832
-875.832863088
-441.813477691
886.395268942
1032.645677872
-830.420326353
-855.766219030
-635.643707881
-1125.671934925
-776.049449441
-940.334662775
1013.848839361
-961.457800560
-946.120920225
676.925831537
1022.501863464
693.268985725
706.010992077
-979.388396476
-828.638184643
-883.200276304
-1121.011664638
-1436.843501460
-650.546842173
1100.794772418
-883.645620726
1055.425310050
1064.543487791
-930.193159919
1215.707622854
-772.381110991
609.172674468
-1185.356740082
816.213455097
-996.848663297
-1257.509130691
-1083.855343951
-798.947918755
-569.442197943
861.787387997
827.124033090
825.808425455
-1135.088142123
1101.517218603
-879.202130742
-559.381812087
1004.918474881
861.377576528
-859.497385222
912.764684138
-1034.496674922
-1003.463288472
-647.058718429
-1184.174103502
-535.852934273
646.532087080
1177.587829335
-1046.564865431
-973.190109327
593.700232638
948.566603570
-784.601674643
820.732066317
-950.347926573
1151.751802733
-1071.122517724
697.758958705
-1223.454130699
684.167297570
529.535613882
-1056.627104739
653.150750897
-974.982239288
885.343129574
-657.451161779
874.270652455
-752.762097892
1005.230637368
-843.717167645
1227.837470965
-908.762718711
-636.313843717
-462.908093581
490.212605713
605.965320472
769.782307357
903.460457454
-266.083275823
-595.627428534
601.736135880
389.798472775
-721.494339395
862.135487412
668.190925152
-222.486074800
659.088937536
348.440498543
654.526416902
-796.406165310
538.275090052
-534.350795603
584.404993116
872.691949069
269.481075805
-296.398035798
579.481165636
703.882603127
-432.553772335
706.298003866
-585.790170039
-224.906003137
422.130846608
-360.691108811
432.628744851
-345.821782545
-383.944556525
667.709379145
-100.834880971
174.686227983
-615.237004549
-726.108128416
-291.880526233
-159.457913706
-515.760511777
91.033093874
-140.207251473
529.490671289
577.297101102
-505.385375402
263.315863879
-350.570467721
169.041014077
361.869208709
823.503811199
459.619085781
582.498083716
-451.428571134
-638.753704823
432.409233460
530.431000322
-236.581806381
621.150716246
-414.664767448
409.761731902
-533.766465203
286.770111821
-354.264155111
677.947793980
-307.445632139
-543.166210316
405.179290842
651.498278056
-337.398186441
648.858038867
-351.946600044
441.202604870
-292.078929517
-352.119008140
-336.167021728
-774.917907813
-304.846335806
-447.273118994
492.211595111
280.733499985
316.869475665
212.146183074
-317.055895404
-263.728102466
-141.687375855
-303.864741558
379.852154007
-328.625125207
312.458660148
-188.639289552
-278.024274176
-223.010666920
-347.739860774
492.721515878
-341.335069171
320.172788093
-355.967864289
-220.382136650
170.884921887
-316.501566489
-151.798012432
-136.524168541
419.540519248
-587.808518808
191.128687555
-440.539600509
620.565454459
238.369138698
-180.431796378
272.187284233
-468.536683507
-385.389642086
-605.130576102
612.912842742
632.870528469
-421.902116156
-671.321951034
397.471082531
-779.514046713
-436.525413959
-533.524531610
620.651930507
444.303701343
526.137838599
-657.313821332
-474.937187860
-442.566664696
488.055804710
-498.956414045
-323.606821144
-535.437686271
-600.896473019
613.231779205
619.583794709
-669.858607615
676.821324941
399.885429209
-921.078793869
-882.404693885
550.469193719
-597.345666371
514.938526856
-454.128654719
857.212077001
-554.825304768
709.794607324
213.902659293
861.195639961
-296.593104593
539.705486919
-371.851344526
604.332156192
-478.403767155
266.727882885
875.614300540
-389.327118836
-613.361648203
-592.779259076
-893.002199959
493.665547330
-264.001472391
-747.512121915
550.802945552
293.201841410
525.238129279
466.955142816
458.328097864
588.390271915
-439.824193313
275.282199451
467.395301987
-467.674671571
691.551304884
981.241348114
201.022683914
-477.176761059
122.926267693
-335.108605248
660.951446707
528.708682488
-828.892043770
517.981966569
302.318443732
-273.669625351
-432.278682211
707.443253483
442.997049883
604.720965366
-581.517538367
-701.160768878
91.605483702
-351.083793671
588.896731852
-652.039018906
-558.059278396
-399.932581437
-527.270509879
-244.694469127
571.330102026
337.665991995
-525.200734263
545.871827836
-289.305197184
-376.319727167
499.074253510
445.352010787
-328.507667006
-341.646779872
-574.080063081
372.066698850
-376.109918636
-250.403262565
-672.683241775
468.675460832
-449.616484064
-420.780317805
438.905208457
-784.982993092
-486.608800743
689.176157428
-477.983942960
746.679334000
772.003674029
-390.063811805
-768.394987795
-454.482697634
-844.487953893
915.669836638
-884.439479746
718.173402836
-665.186990422
-732.805339231
-531.998474571
720.548711220
-429.956732541
-668.570672881
-635.298361165
-818.005142927
845.136717673
-437.274644578
1027.083442281
664.958016514
1089.328568211
584.827242771
722.000695027
852.908190299
-447.413191907
1081.310578282
895.165653821
649.617111951
-614.614349643
-967.017191469
980.237605472
-573.711566030
1105.731167575
938.465296680
-1309.354921734
563.266794629
-1095.636890496
-955.939827855
827.972021482
1030.922904999
-695.900558363
1204.247570481
903.488831339
946.513735171
-868.413436813
-784.678907739
977.740063064
-767.892206336
-1321.890336921
-1051.150509783
-927.752798997
-1078.956202947
681.094171855
885.131354127
658.226680587
-1019.417019426
-859.312535816
978.114256846
-1461.469026209
938.912978646
995.729389176
679.930988460
-915.208417878
-975.529464483
1112.696124884
1093.879327180
799.570549251
1081.018033533
-1237.512576612
-893.591204823
969.233868392
1051.069487915
-1044.866985198
-903.476990213
979.066161610
969.216277153
848.095685793
-1104.729926471
-1018.796601450
-965.958522576
1012.889089442
835.113970835
-779.490925974
-1180.459575124
1245.165290765
-851.474948709
-762.406524769
730.404976786
-1012.709860599
927.375256378
848.748615670
983.608606329
926.725679022
1158.646532874
762.416493520
815.556966063
-636.300592291
824.105585702
1178.397812451
-786.991066061
-845.250951117
-795.386727778
707.600585993
-716.278214088
538.595074263
1062.238573668
626.392977750
1015.229112068
-763.111348253
-1146.271064323
752.185615596
557.769500833
702.218410509
-737.433104611
801.050518674
431.054754391
-429.190202190
-858.180268751
663.106731250
-923.477981218
-824.732615356
730.059364521
-593.839225047
488.920392032
-940.990345497
992.138421763
1096.854368266
417.290380625
-455.703967348
622.560851041
-529.500172345
570.563906799
575.829725633
-725.922133013
517.213369506
621.647682918
-579.717289051
279.028008840
397.092256508
605.230624848
628.835839333
-450.158931411
-259.988435893
228.758278255
-448.935678449
391.707041984
-311.225059322
546.252504127
291.395024137
481.860913471
206.960978544
384.764308753
829.964096350
-503.039671250
370.258086481
-373.560784250
425.245029687
-239.799695199
-210.540953165
-232.221977208
287.779224543
329.087613956
56.814094760
556.751917026
-304.850977708
-116.476171324
-229.470061249
-469.083686729
203.934865506
-123.270742700
221.212073561
-531.062707077
-244.393151210
447.860563015
315.897654575
284.621313435
-71.009335827
513.856398061
-433.170112750
290.659796242
-234.062084703
235.762493295
282.205467667
-618.500349664
548.595461992
212.788203388
296.005574077
408.948379702
563.791325059
-566.326137261
-613.183065308
-309.816926458
-117.879147153
339.075951463
582.904606882
282.612121411
-554.718224227
-461.057215732
776.721966096
382.128111376
-481.185561672
-377.492030614
468.493111556
285.187226036
-488.269387704
409.693837343
593.287999357
292.559659666
-500.917442741
-338.568285484
-318.833592410
-344.078042257
-443.376674743
-440.740693046
-585.696962277
458.408820361
738.246525870
424.555056615
462.897620821
370.193173434
148.794328725
152.661117374
-336.906143186
-533.156416626
458.246599406
138.359307224
-524.308883022
371.554646527
550.709477527
-366.504940999
624.385471321
-447.422904446
82.854542826
-470.954787555
-581.723904290
-471.393406172
518.462691278
-580.029816725
543.678946672
201.201953648
751.501713261
440.409204134
-677.740795054
-540.034035577
877.583835768
404.258041108
-467.414710675
807.402462616
322.535103562
-440.892292313
734.238181504
-699.468894069
559.567761605
91.666694713
516.475096317
323.204341537
704.737945885
-709.679233300
598.750306212
355.053241048
219.823218868
859.546655745
-536.908780403
-613.571867853
414.677605948
-673.292908226
696.259114898
572.368448912
496.081590437
-756.010772573
-829.639165940
-969.402430265
-715.643442120
-569.505959086
-426.208986539
-814.277755881
-442.380131080
-630.082643093
606.727299031
-329.733800922
-595.249734736
-376.852023465
-476.707923058
-740.621515220
-1091.970416223
-587.711720269
-354.118448212
-824.961030995
-464.204168523
-676.110412413
1023.652372355
659.110225864
-644.890407215
-343.662355814
500.664150964
-603.051195456
552.158578971
765.349917927
746.867349806
693.032134167
338.465200364
-757.656278428
378.879090168
-1152.276176898
-868.543561461
595.341034179
973.134144244
-555.940141694
772.587746279
415.167635025
-706.544786698
-506.328371670
867.108377862
-748.213422999
822.444242197
932.618737314
473.498509605
-686.542048549
-551.908804484
-678.095183870
-852.038404176
-688.158590708
917.285737031
643.086534673
668.169170636
550.341407430
-884.679927295
770.303387263
-788.694851231
970.042485782
-612.178447840
-1026.134291279
463.231006065
658.462890731
826.689671236
695.459861567
-652.197475577
642.214379497
721.279006402
-849.865777983
845.138005523
913.252379924
599.269763133
749.497579148
970.999818425
-1038.712701893
546.730757921
795.008285627
1104.813303243
797.317315848
951.626321494
-984.312028613
959.058903834
-867.639439175
-787.050788407
1005.220171171
726.219752997
830.428595632
1024.471697424
-925.278564829
1154.936704190
1183.671753803
918.216369797
731.742593901
1089.370324010
1078.833568239
-1035.841917036
-735.998786357
1125.655859035
1179.273235351
735.129860620
-836.747349686
914.070113683
-1293.025458418
896.185164936
710.553430242
735.495590083
1258.980042400
-1124.574065525
-1076.579254573
982.266266375
927.314151611
-645.156864299
-902.833309267
-815.458556228
-1090.309185215
1109.940696046
-953.427921119
910.033968553
-739.864432573
-659.724735816
-805.663164597
-839.491881642
-1290.743149793
934.882196068
629.602627439
-869.971004510
-598.327522853
731.937967353
-1017.437829105
-1209.007852736
1582.540406335
-628.728871504
-942.003743497
-536.560816772
-894.578552741
1302.562511370
-1011.435050029
1006.448913252
692.369087379
1163.265763391
-464.294521244
-723.070205120
1034.958798065
-1094.232517531
-1275.600236688
590.296654556
958.138037721
717.941165296
-928.056152919
-675.857423404
-1175.830620729
-1561.650231593
-623.064472504
-1263.293440182
-863.609889138
-917.701632785
-665.996076846
1275.678889610
1357.936546090
1211.772516266
1042.838544597
-693.717458787
-938.477646289
662.843691482
-1652.878717394
1254.568135912
-997.516509741
1215.111660149
-845.863192883
-1099.084397976
1088.837513163
-1185.642305898
1109.524779804
862.862186789
1334.369373356
1218.778778448
-867.742586338
-1030.001761706
-1503.909214450
1129.120850212
-1034.928374623
1132.634752013
-1156.105076168
-762.225183619
-955.190583203
1282.922847755
-1070.721452336
-1076.424392641
818.528102984
-931.846205624
1079.536687396
-989.658386769
1608.936137659
1448.259710310
-1250.404064179
893.039359009
852.690918217
792.150911296
1065.766591086
1134.210177824
1276.066812643
-961.627504660
795.941391280
1089.628159138
-720.295004092
-1008.774071936
-1229.146928370
-1356.257509972
-930.658599063
-1015.038261087
-826.467905480
865.330398643
1293.711402670
-1345.756068114
1434.104818149
1109.455694173
789.160964380
-876.419112433
-754.027122544
1365.028509296
-1108.959610033
768.872709975
899.182167287
844.379826129
845.915844957
-506.736293029
-1029.168406508
-1298.315522480
1009.921234306
-1175.509409964
683.325566752
-911.417826826
662.748353779
1212.737858747
937.434165473
-648.693540597
-775.036833719
-658.037757610
-948.160748500
740.908397986
-973.434650294
-844.122352639
1079.736509145
872.458672583
537.931298196
-818.426998044
510.482915901
752.414241194
831.844326463
-785.914063488
789.748717592
-603.939661145
-691.808385323
768.916130065
960.755297809
-569.103173199
637.773560456
692.023545754
-394.980959518
-727.778182331
524.839261197
-793.584792695
836.806596268
822.071095279
575.687416665
-364.687170450
678.582603028
749.657136820
741.252676587
-590.093420481
-637.454979921
-591.323644836
-401.077928183
-683.662856219
564.326586120
-863.344548427
-598.396827631
-696.663526736
884.876157049
-520.310405327
-849.002762897
681.975993613
-852.749065944
577.777293953
944.697666935
717.489939806
650.957318539
755.472001832
-462.912484977
520.507879093
863.721816645
-946.285635348
951.744933099
-821.469518581
-652.819145448
-527.211387518
464.573098073
1020.305810516
868.155699656
-747.252486213
784.709934984
936.097021100
625.552813468
-688.937400303
-866.871956333
1232.174555762
1034.934287498
693.107572053
1082.029607363
-574.167267837
-763.962400292
-953.458398960
-1006.628986031
975.601682922
783.441345847
1028.403198005
-1104.495852121
971.504941663
-1205.335067195
-863.299101786
1028.076184583
800.109289624
1075.747317059
-702.974088544
661.500684065
-990.225693354
1237.158916581
-935.074488941
-773.299926430
1234.396044095
-880.925172389
-780.591922750
1394.464677283
-1217.940358121
895.330509134
-734.651872014
1012.036451688
780.575070041
-776.930599340
-1278.293670637
-1036.577314742
-729.205513768
-531.324549149
1038.381671526
-834.166177170
1101.000811382
815.674421678
-773.471673521
1022.675628510
564.906552193
614.798192332
930.407720461
-737.412039850
809.500020093
-884.200760053
-613.560004279
522.306259209
-838.809609518
-691.252162318
-714.944463837
1015.591359918
-701.916305780
-512.586292004
-608.980486103
667.403504167
-1093.350557260
1088.844143751
1138.700837540
830.563630444
697.556781316
641.708682442
952.200434806
-697.517732109
644.542339800
-739.505981004
-768.730664533
499.402992644
-610.769927987
-656.701558585
-587.341683203
-731.679682802
695.920289094
-414.389825770
691.644644913
-595.745494555
-668.792289355
830.812314949
-477.824391515
-494.894206995
-564.372968052
514.549127221
-643.856091448
558.749180283
-343.963769097
332.609995702
368.097000291
-692.615385693
-491.489041322
254.243954830
334.591914802
-506.451403717
212.702032993
-311.077850079
-234.964389204
-152.481128152
-472.562136361
394.160005587
-611.518510995
167.782328163
-320.366110150
187.142128298
-69.203252932
352.776668145
221.312217976
-243.374778887
-180.451652662
-335.294473420
-341.685162988
123.031668109
-704.997862002
386.574434959
646.098258740
-169.354815750
286.681303150
210.998144025
183.725884237
638.887703799
-450.594241373
-518.365910711
-411.360484487
-404.711701383
190.085047626
311.934084453
-693.759960782
-798.836310776
-781.436831050
536.428768690
-639.915935111
-745.776010591
-476.688528287
550.055227013
607.814632039
833.361050486
821.897816185
761.154503598
390.178879065
396.661404831
840.822792085
-967.233641464
-818.765390984
485.257489137
913.534709380
-537.405275146
550.861097893
713.030944098
825.201824452
-722.200876748
-698.245309325
-1122.204747693
-658.262637266
-743.308034486
793.639053275
-784.030978480
476.612884296
682.913665597
-628.375203432
-1115.365165654
396.596071895
676.345135274
616.123094064
-927.208191767
-1084.551503652
-966.838503263
-776.655919281
-469.891956101
809.233378903
-733.522329146
508.413969461
796.283566073
867.355615769
-583.128635632
-740.669682614
-935.722618399
678.181600371
498.016944736
1049.381138892
798.255275028
637.325234862
873.299307679
-701.257134323
-717.892637890
-913.754923650
-646.799342301
804.539646012
645.618873951
-824.608713233
790.830981975
-567.076996289
-430.065423492
-726.022421997
905.656642232
-901.298263462
-831.411684643
-728.409337369
881.455040926
545.184503642
-855.130100420
794.511071567
1095.302332210
770.130789462
833.023049568
431.426509518
516.841261260
959.247037762
706.850365797
698.754815573
964.696499963
-516.415738269
-628.974702220
384.962741571
-443.435203428
-481.210599729
574.041346970
530.554326580
498.898113321
-802.735364267
-603.175349402
537.318548840
679.761636405
441.104026506
-410.476360211
-354.729525022
-276.956527459
-499.388987180
346.102221507
356.354366884
560.278919612
709.499515053
-694.277777852
-260.225382594
335.254734717
755.086257444
-561.827849565
625.290953632
-441.009756523
455.428726019
256.050062270
674.674529425
559.502576705
478.130798308
979.191910910
432.073584468
-373.548442929
-616.487051206
-350.398234942
-278.986082683
-233.589350014
324.238391985
368.852767030
-444.070461072
416.361100321
-189.822534519
-326.891889199
148.952371455
567.799256911
267.357493265
-257.990564108
357.007882593
-228.807418780
-415.254571633
-118.875650282
430.110800524
94.984261811
29.116280897
311.348959348
-280.268386083
-177.486926083
-291.452577110
-551.396601522
-4.081168325
141.491255814
508.833661097
211.112362556
547.560504798
-20.553800598
-511.661956245
-280.662317447
-230.090894572
192.667691393
267.677680245
528.901682488
-180.729615490
429.279531889
-267.403915279
-226.047974156
-515.224881753
-552.102260694
-179.979324508
-73.985774805
458.057273006
396.398844413
-507.846798740
-287.519775915
409.674558949
-412.926083412
-451.842643508
383.569442521
-310.780595943
-565.840377303
-491.145946538
639.526327957
584.794033943
250.681797765
-300.996227285
-654.034368679
1004.846124356
-845.560561610
-682.521829936
-608.306070272
-407.734981805
-533.043294004
500.382068975
-829.701865118
850.325715100
-780.094599849
785.490039896
-336.470157530
645.279484415
-802.941270141
602.982443469
-628.315839769
595.845018148
-615.888447766
319.684806924
573.157182439
-865.161548776
-556.932378722
719.623531478
-670.382966424
775.349020221
761.973966279
655.445751384
-930.677894284
-563.506842469
-614.658117408
-1004.615451284
-831.323918442
392.272905544
532.563608407
773.178355850
554.654750025
954.283892661
991.488863637
-651.588046598
-515.872436282
575.687669351
-896.263353650
1055.474843872
662.799199936
953.236687987
645.990941832
801.442980419
868.383286100
-615.300497119
-648.153766243
1004.267109792
724.844662785
-1122.417621947
613.107953980
771.479946651
685.252974355
-499.306421210
1126.596297716
-543.019971090
591.033698569
-915.306137738
-1003.370966340
478.258333585
-574.630042812
892.673816427
-678.734357234
610.347521267
276.652617963
-732.684613862
827.997598165
499.525185304
-688.815970750
615.382040369
516.080642477
-351.533736679
-905.361756606
859.323865450
447.170071125
-808.518764443
-559.583626706
515.570947516
560.611506414
931.213233886
331.420607210
499.013991899
594.662053675
590.708600247
-879.049697675
-556.288655732
-711.001183508
-321.271503201
806.858324658
619.149747234
419.246612605
677.983733585
435.309054367
820.208675900
400.914613969
-464.864054151
-613.099856350
-402.755635108
-519.837351526
525.881364168
640.431554973
-550.119888930
645.822099307
847.510218774
1035.006293685
-836.129070703
504.418660126
-831.082041269
792.803691591
470.309159841
965.827327263
-500.079542394
467.380623442
-797.033792234
-892.252421023
-582.572667179
773.497825632
819.318463508
878.500954326
440.767133088
-844.211146159
-1000.798717407
-520.636532577
525.346493316
-859.217554843
586.466235645
-404.175075908
964.909030340
1041.384428340
-719.648643665
-653.301852002
-821.520917657
-627.972512750
367.947868681
-599.414593035
-986.694604659
-797.069125327
914.824881867
742.272138640
-916.798794297
476.863076858
-725.317289427
949.247508171
1229.253463230
1076.376359408
864.534899341
-1113.717124683
-636.390459256
-461.145826992
963.611446934
-876.469761333
-810.527041779
-859.851044270
728.545787007
662.348495694
558.914286772
-1102.384146621
-968.901769813
-920.993301795
1082.194631655
781.748606910
-845.335404694
448.944065461
1435.723747251
894.449295251
1041.032555633
-1307.953696257
794.574378011
976.071912900
652.774816210
1279.302000958
-965.391062421
-1176.601975296
942.148225399
1026.192938533
648.057633969
864.756781949
1158.527396762
976.449159819
-1273.887582361
1109.095138359
-1236.647880356
-744.326261598
953.346097267
-1467.297053003
-953.742684651
-1294.747661713
-1168.085524164
-1425.245028420
-986.702661320
1155.314539569
-1375.151254736
-1163.107240350
-1199.184536867
1252.651260637
-1167.268283809
1160.604191604
-1212.008428747
1252.815770079
1131.272586722
-1354.316452645
-1336.578593586
1455.821176813
-1284.125252073
1134.951994917
1616.238821490
1127.798009893
1495.757036417
1227.752483684
-1130.432266870
1132.252254550
925.515566164
-1639.532413254
1262.457553816
-1428.468957944
-1082.679255192
-933.443876386
1201.075208473
1060.589057543
1554.746844061
-793.061724825
1565.759690220
-1446.982929161
1047.897996417
-1267.487940487
1083.175716891
1667.770481115
823.840764603
-1471.244113077
-1355.997720854
1209.427501344
1315.355636249
-1055.780825395
-1580.480118779
-938.750038931
1122.472229727
-818.707118774
1052.905177096
-1252.327193814
-984.646113960
-1394.415644910
642.613108647
1153.887585090
-999.027229832
-740.408783729
1299.913637593
-1001.224403026
-1475.466204605
-673.991526321
1180.073797162
-1019.307422753
807.259068732
-1424.697467849
-1366.542489656
1258.788790367
-853.959336622
1531.675383005
828.532466148
-760.287467494
1213.533851436
-993.458659966
-1363.634379059
537.253566995
1278.482006486
785.479347394
757.071740464
-1172.937412200
-1333.144017098
1474.421524772
-704.322094814
-1047.129966358
-700.590623300
-640.602351239
1041.377574230
945.171596879
-1209.410775853
565.013747929
1044.984881824
754.896751172
-880.561843215
-996.177371937
-1279.793452761
1062.135999953
-477.425579100
-866.221385202
666.648477761
-860.132706693
-896.768933645
836.175483736
1223.641663169
326.986574007
-832.224019033
-614.504652953
-717.271715671
880.459474228
1145.601109326
-1236.373666932
-454.055084916
804.753689377
384.710952794
427.586470449
866.432228126
-846.243108190
1127.504952191
-306.090114213
-1105.900679941
-448.426724957
567.791319796
796.120676149
819.496373357
1296.717801331
-451.102647340
971.286796615
428.620733914
-879.354831163
1152.942245817
-941.213396096
-990.744641559
-431.903434642
-1138.601370705
-571.416996268
-468.015112214
-917.938030285
-948.354565586
1145.882901208
429.748878684
1029.740296804
512.229933063
-720.068556928
754.235216379
-896.550750652
1272.871264894
607.548123926
948.848940670
-1103.610454917
835.084563303
-902.935243465
-889.775640118
1026.048511240
807.332070748
1222.295523059
-842.542192922
500.292483663
-530.153886033
-904.875219564
1081.537445849
572.555757500
-1179.492382648
-794.263422265
-560.960071029
416.501742193
-710.418652051
908.153378061
-511.837464771
-1154.014152067
858.262125823
-619.563574239
380.955229241
918.122244134
-889.072684570
728.375875956
811.006318481
-742.749286630
460.356238990
399.713304952
618.804753847
-723.482041945
784.733043278
-960.067669389
-878.483127477
824.471789525
827.607182002
460.953176775
-1192.468660735
440.553021313
766.780101095
776.197266468
647.480967769
574.872949442
-447.193961364
-1057.449624094
333.206944132
919.664233384
984.283813841
433.352675327
-640.011984857
440.005741297
-1057.918798731
-368.631529384
742.844184232
-1086.734017677
-510.511327388
-490.359089392
-523.452438965
1097.910304888
562.954272952
-876.254469544
681.469726085
695.551416298
947.913968605
782.127162319
903.366068054
-701.340918181
1076.727771437
650.624264187
471.389023882
632.572274344
-811.175286198
-1045.243356891
-623.136869144
-884.555478903
791.860701529
-570.271392917
708.819905471
889.534404741
707.647012811
882.950729200
870.723047358
-852.682859735
-685.747518616
-695.515084906
-913.133330999
751.540672822
-706.680668205
1005.809259125
-1158.935541568
874.736167237
773.073648540
-967.695082146
869.011127390
792.929503371
-1138.272085785
962.059377978
-694.726308963
-967.757125946
-854.051910790
803.040395683
1257.878016225
1021.509257235
-815.539661005
1034.893248319
-742.998224106
-553.342561163
900.525073838
-1136.096070999
1134.167970279
987.688432537
828.999498078
1041.518223122
653.213685824
-921.013789953
-1144.414914189
-1248.114218375
1090.043660857
758.749718059
828.011568404
-1114.326493250
906.415387025
-1093.323930704
-1316.205610345
1052.123320127
940.101324203
-852.990794913
969.758129772
-1166.812992338
1000.708142064
1217.911763020
-740.028410725
630.850347781
-815.702293895
541.670498721
-1153.089525077
-1330.923928555
1112.086308132
-866.351380392
816.619444081
835.838130795
765.588065690
-1358.157630450
-937.824745722
1415.513191411
1105.174753945
-1087.891751827
1086.092086012
929.895716723
-1325.373086576
1116.107534110
-1515.321030820
715.586749110
-1041.246209809
1025.870538577
1332.655156124
-1167.907525422
1158.207170169
-1233.685171493
746.263616423
-875.730540612
-911.613650292
-999.247062197
-1212.327131579
911.433358869
1363.401767836
-858.710617695
-1032.334292936
-1055.716205277
935.424441812
1324.413391496
707.626321900
1097.612109274
-836.725042713
-1134.840989687
-833.764056547
791.869003437
1249.639994763
670.262808439
-942.160121829
-692.313929934
858.674434786
-797.350535716
887.347747113
1112.490811415
-975.824356728
1077.808909023
-498.021746365
1027.881112021
-792.865927414
-818.078840021
-906.131643012
839.416561658
804.387735686
-420.550170716
-1343.163968237
1068.217691317
819.919974915
875.792900307
-704.400756968
758.210389365
906.459718710
-1208.679311011
729.390885323
1077.131230526
640.923631713
-597.471589184
-752.115425887
-821.874907977
-888.105099739
-765.240025333
-734.778984739
-720.578468021
532.080522348
668.689266485
-994.600420837
850.108832940
792.023950937
-774.159988148
867.265970507
623.073745696
734.835725226
1188.085770103
954.211797686
-669.154576147
-942.992149202
-826.398266822
404.668287128
-1017.355030716
631.031337528
1005.150806616
777.115249418
798.790942151
-754.599578763
-418.973666759
551.605458510
-699.699987596
1022.882969965
-588.334969177
-992.178710102
494.220606333
-355.405340798
566.139444537
-928.859618861
710.914581296
583.595446744
-677.461906381
-409.209842953
488.028673710
-569.905740145
-873.523967321
835.790203093
708.854702116
-618.583699380
437.706494811
630.563051881
948.437662845
-731.825353384
-852.827213391
801.261827922
-475.067363461
460.787566727
-379.728919957
693.617376510
853.553300597
-659.722333077
680.416949167
-675.062622880
-798.136162779
608.974430221
760.567258305
-1199.252466728
553.555194807
291.388374793
505.941144274
553.650792676
548.595516058
-719.285659111
-869.765611999
856.380426021
-366.956381086
523.222480628
329.170034078
490.547324494
-592.039719413
-600.909966940
623.796173268
297.807561127
-506.474799572
389.616330517
-658.043461013
391.185421345
-678.435421459
-524.814162837
-685.349117707
467.117974189
359.472071276
-479.576895984
380.324677348
-616.482154599
-555.467044027
439.148165561
-532.185999907
190.686603857
539.834289309
-481.520268367
825.888568888
661.065782786
-459.104036874
383.815967338
762.526144545
890.981480421
495.386963967
-615.732234175
-980.810050116
-626.461123429
498.856931507
525.401704043
-564.746872060
470.326487252
727.784762314
960.731582373
432.416170594
-599.701228865
-323.905936285
-473.849390648
653.596789689
-432.897922864
-274.798694759
330.823765022
311.043345970
-375.119766716
-715.383554466
-713.623166143
-777.303529604
583.471324061
-195.476505953
-296.129156089
477.203798802
-229.363524388
688.364731808
642.901419629
363.588670966
-151.373063684
-300.856097193
100.501608265
-206.869653032
-341.238732496
457.281124188
413.307916582
-280.690868598
150.614388573
3.568159608
-98.626678238
-371.809579987
-185.200016640
116.994307895
504.857303553
367.216185839
375.650155289
-312.237768506
-394.772279347
380.652115860
-344.199916237
-109.811708194
-144.393521584
364.107277955
489.219131901
741.548562195
-345.862363662
646.118788618
361.053586741
280.951526020
253.460287662
515.571263571
549.668961478
-255.069692001
-462.472679466
597.186105849
471.552682543
-494.308698690
-475.147982831
203.253152352
226.225728550
384.436278936
751.866822672
-329.809582162
197.034089055
615.651960964
662.711314531
629.534743458
-555.876788570
-493.390933253
-643.373556605
467.135573263
852.918760585
-344.861766538
388.171529866
644.589879174
-532.347025776
-795.052113098
-577.261362559
-401.212392142
443.106912975
505.754530687
-706.633239251
447.043213553
-421.705153462
-423.069492523
694.503727185
-465.046507711
800.946213804
572.311303425
667.378984672
528.750815270
-561.868745580
271.849635083
-538.153238952
-768.195995827
-614.123597305
-573.716388861
716.421000048
332.678567273
-451.287387745
-524.996691430
667.664505862
-766.559560604
458.308393551
-451.238181698
345.865072332
-166.080917615
-517.672221341
604.403056607
-552.236954385
-665.137063868
671.020528344
-309.069073742
146.708800050
525.396583640
-666.486763767
-777.017858677
-475.504043500
-354.963575324
-339.269915481
-246.373399596
-535.580165122
435.435551072
-402.905057851
701.153339416
-664.312523802
-335.880933798
366.186464347
-621.475620339
-434.781219015
509.918277636
-632.286776306
-738.365833835
-689.717553039
540.355914690
-412.740217359
-512.044500405
-405.631880693
-660.211751561
500.187168347
426.197961652
-428.260525214
-388.825157918
316.102980594
378.003195696
-631.185409522
483.135872831
-262.657215043
465.553337753
376.844066464
332.970788199
517.946568914
-377.332466758
161.317499967
620.640422366
-418.562387090
690.582497578
225.902529953
-667.905527747
364.308731701
-383.445429592
-184.696114737
-137.902612466
-340.533681904
157.330270072
-89.264131381
312.686004427
152.989279900
-131.464074783
323.700719599
357.366297945
481.683114500
277.249918960
222.897464676
-24.913985218
557.980104313
106.549840855
-212.826786791
-475.067791070
190.613816356
-395.389152698
-232.249048870
-222.444258013
148.596422541
31.544118299
396.046424190
283.857127360
-372.432476166
-6.898952911
140.034409355
64.111086783
420.464883510
266.747312489
222.968606021
-85.061707962
98.278190909
490.105124712
-545.057969536
-188.667261118
110.535296537
215.082173105
410.723608339
189.827548590
727.282955591
395.688049049
-283.641807365
-302.819381178
-193.093911461
419.062449477
-395.851361869
446.137821402
408.052705030
-198.882538478
278.694875822
576.578074885
-185.024890703
-455.270401553
-263.499108271
484.773368475
-303.186463578
-375.337768206
201.724864795
-298.305944094
-514.055775295
-198.221649129
507.041755080
353.522836083
419.413083604
399.983191081
-350.994399678
-113.423151046
147.314942565
-463.157827399
-285.108707002
-670.507994968
278.058084952
18.251945549
131.180931888
112.861460869
-278.798711033
622.092669753
-572.220093277
-387.582618308
-256.855064994
141.532874466
73.031300328
-13.063359333
206.044426665
163.410260572
-444.953471232
25.109614341
144.166253579
331.814312043
30.163811730
-64.905680463
-370.153656756
-239.550280955
159.211740027
-227.268327556
-137.239098164
224.295416980
-81.417532971
258.114792025
-374.092808588
-235.198469639
192.752080304
6.435329309
-160.270455766
-499.013422636
39.899828264
509.941216220
-37.617569729
52.601771730
65.120864232
-12.980190908
315.030104350
-322.640823835
-314.998020753
-240.803621556
-436.762699629
-383.064471590
76.701608167
365.385936336
-156.107030283
-161.084507132
230.810363081
335.074434421
165.545591909
156.410000777
-246.953896547
-498.086213390
630.215971185
-63.933570798
600.888596735
-149.579047745
230.013625374
-289.786922986
531.565301105
437.044522514
-237.934718361
365.243954329
-691.513269189
-688.311936132
466.025289989
-528.408181560
-487.862155567
-663.808363846
-354.327276100
-756.286595855
588.961261439
-548.172704454
-505.392447115
-639.501994032
-570.175635625
-710.463806817
371.697470507
-422.453838711
754.487531587
541.456049319
524.119419824
335.458720110
-400.856725101
950.932588558
509.702069695
-520.197335463
-386.351661366
-905.995556181
558.631371283
-359.670360508
-770.923086584
471.904652361
-507.270238544
-567.273914758
-553.578077769
-709.321314269
587.109218616
-668.244654390
-495.355337067
1017.113538856
-763.404533019
490.779338963
-645.558198285
552.774092399
778.066262797
554.006020125
372.976853522
-731.011998278
465.660170130
-527.723712535
887.488183322
652.831859435
496.770905694
-829.896782893
471.222457902
-692.964764038
-631.177769758
-463.432840443
-485.981745895
-360.576188387
-673.843409539
-280.729540911
-412.815816961
-306.495854042
459.466464044
211.752863829
376.371827499
338.021757781
397.424308182
-262.239449315
-115.108542240
-91.876947298
-492.630080661
-51.777298899
-426.425575952
65.851083325
38.418304423
217.108213051
224.170220612
332.864342033
-364.249849886
-562.355571843
-181.392832835
705.951195657
-605.205323775
-493.850320788
-310.247387430
417.052122377
-279.172595823
-64.468305109
112.072588722
407.549336052
449.455127920
-677.599826961
296.744915551
448.756128085
-478.395381311
-568.824655917
275.585161871
-374.595741684
813.206170591
378.766108705
617.287431504
496.358566540
-353.842759759
486.930512890
-674.414594618
-539.709623782
-518.920438496
-470.950901724
285.784227378
-643.838381798
804.460935976
-1000.778755924
-479.423115615
349.211994026
521.708495687
680.106697482
-665.069260270
-520.398068476
519.427687382
654.208983730
390.713337010
480.703504145
-382.178616346
569.666481034
647.029262490
774.356847645
656.240802080
-693.298814478
810.157439823
-645.146480746
451.129178866
547.932655773
-564.383335212
417.882371465
-584.145411658
-741.198504256
441.963942570
-526.197828919
-943.314598218
-404.413829112
-727.292447865
-438.893102256
-809.956878541
-563.535993481
443.153171451
672.362528648
-403.557092497
-449.682844944
412.436772916
700.191331187
447.727335632
669.965238254
-708.657030108
-600.969174920
-460.155902510
-421.068980484
888.634009074
-840.536154054
-904.877583606
-700.349907275
622.313631016
-498.757389975
667.017553153
570.735790687
-776.080333476
-576.796122795
610.428819850
-479.096373931
783.208337200
828.208535030
-451.295148405
-450.547442300
992.139218560
615.086034111
530.748200061
733.798836804
-443.259316132
-627.830363759
-404.516048498
-837.323664724
-860.871210699
618.381686489
-858.762065893
-302.724655348
-622.389387524
-590.266918856
-731.054772032
552.155667553
355.012543993
916.324474270
-206.593475241
868.929145349
615.112225461
-784.111109683
-566.186640405
-573.074928507
1079.082495729
218.198170998
-617.094775016
-558.507270265
531.489422359
592.899760509
-689.647758572
-801.732087989
218.081169493
-862.829595998
474.692730534
563.144494863
671.343233678
260.307535804
-633.066838827
-648.920128287
368.147310452
450.296970375
956.136391602
450.855029415
379.395996118
-631.832463475
-582.279289887
-672.418058529
-184.162094803
733.934255276
628.824366985
19.159424818
910.914663331
552.851380861
-338.679857602
148.071582327
-643.442537043
-118.758232296
-81.373488123
-626.510187165
635.375060296
-490.625186322
-112.303314124
-910.863770253
623.444513574
74.412063075
579.079460424
-579.108912186
-513.845862543
343.826245223
-597.996579412
401.657755732
241.554256878
-470.540248699
-409.797094643
-603.929696987
-492.479225435
972.562612175
548.159498638
242.632350808
583.329561526
932.854787178
-857.750471352
512.897181571
405.840540719
824.209973997
-454.407129266
-769.027740634
-806.613137452
-642.596951900
417.827750780
995.089323051
-439.264511492
-337.457786925
821.181817871
564.324386119
-511.149155504
-796.735717767
-323.471864900
-692.739321038
209.001232476
549.236490475
621.757701319
-784.299118610
-458.077909543
483.677449938
607.920781168
319.992181906
642.115249035
-442.178195724
575.573800790
584.498518998
351.095483424
642.980805436
230.134610488
520.490251927
638.673621743
-459.072603425
-664.839732545
-566.928195652
-599.025485028
467.437460851
-547.312267008
-545.220763697
656.876551461
709.004598608
-344.464953047
-639.630944041
405.565627415
-565.008958798
735.121859707
739.011304304
822.888912739
659.633432803
-788.364533828
293.147221203
467.428319636
-829.008367369
644.815682640
-693.593954259
-903.212631603
-1034.747367003
522.357835443
-439.402797876
-820.031941136
717.633193699
-962.531227032
-710.748998096
-948.945376545
-900.868121860
-743.367989678
864.518837495
-809.379831792
-926.240079393
669.555578098
890.603988020
490.628263556
-838.381951577
758.919815567
-900.310572158
-827.574428262
864.105264314
1009.813645553
-643.343365711
1006.780401229
-1324.130254303
1150.457894878
887.167715829
965.880930542
-748.967450160
688.166061939
-976.354068527
-686.298175827
-841.161230814
-827.307908826
1178.704590778
-574.488832997
-789.418948000
721.144650380
-715.081843954
888.203992184
-965.896741504
1240.177196402
-774.526964966
878.434127266
-983.680689350
-685.942570096
808.655235398
516.971667090
869.836585898
479.587480099
-652.513498893
-638.437223234
418.851559483
-759.193958187
894.809993420
513.827049603
-488.099950223
-523.642745008
-509.988451038
-596.487780117
-900.569373714
-409.604556071
-729.501661534
514.987172176
433.357712664
633.129252377
308.115695648
603.148203592
-604.749462027
542.601090483
553.020975420
362.673730665
386.949943047
421.320497409
737.406479100
434.925829739
-556.934792482
-350.358513615
-190.627115352
277.696954152
-420.997692394
-313.798923925
241.083436354
283.093957527
-288.609717802
-364.419476326
-226.259407105
476.843181119
437.838983038
319.129367062
330.494962583
341.038802987
180.384510108
255.234863400
-393.286675341
-336.848050993
330.539043735
-233.842626245
363.806696677
553.288326669
196.767720275
221.248563359
-470.896310560
-407.541546615
571.864734328
467.572371981
466.848217203
251.836313059
-681.926561240
431.730959016
501.187552978
622.656551045
649.929760309
-312.649456630
588.333179406
785.599440453
-482.449381419
-522.197082108
-752.682329173
486.806259854
501.357676824
-559.256977987
-600.957667767
-589.164916351
-882.522887910
-862.777804047
-746.068616818
707.702115966
742.669756087
912.333560877
-474.413317622
-656.272140848
-623.636264650
-585.893605571
-834.871627054
-615.383511897
476.064738233
-362.824716206
-839.533908804
858.005690021
-644.201906128
832.305986059
-928.241776897
-881.492297601
-443.063948339
666.151564351
-1077.080321177
-774.113331400
435.010239850
608.935427733
-853.728924942
877.722009100
-828.568354424
-707.585395081
-884.466727605
-491.218592315
862.447640485
1066.353912729
764.279906301
665.530953360
933.705102722
763.376778922
459.196390104
-654.921835333
525.731289577
747.446013099
-970.097932683
980.712050399
704.266486767
-529.186065093
471.425590041
742.867313426
656.592999800
-877.741118826
1082.867207919
503.241476147
-794.987989221
796.418943464
-638.198802087
-746.342242531
695.828653264
-782.881309428
-448.159278597
392.260720243
-578.479261230
-537.598229748
840.178318764
747.221196516
872.853921591
-575.151538235
447.692153308
-221.461567205
-677.404591013
-885.503246141
-736.331982610
-606.519157357
-343.332557842
-580.280745116
446.729256829
503.821988606
-517.758036312
-861.077164087
731.334921405
-476.377409768
585.300411845
311.099973036
331.924627420
-786.359334256
-887.419539431
671.820138793
505.899633548
626.079752787
432.881439466
323.464663386
-775.117960670
662.176481888
-746.443651802
566.361717130
-652.765244951
-280.210225361
-305.651833096
-696.783312743
-685.263220480
-550.205362549
442.343575162
-493.626853961
655.723002115
-365.349816527
-632.738790670
709.805634914
-521.949888354
594.367149817
626.357232203
557.816938098
822.656324542
-842.244889867
-897.020247954
447.682762028
-445.114269861
-666.722006160
186.915509067
-295.361329440
517.005199487
454.864599161
-617.910789821
-475.838673833
-361.632616774
218.108194349
124.875649897
-395.346614119
-529.366385796
-383.989215061
-98.586877338
422.443928898
-234.093440952
197.252677395
503.452302152
-484.117564330
-610.594898410
-20.782142776
349.989638330
288.918876903
-155.775403173
-138.651576648
-262.871954609
126.104689094
110.033177942
318.322456279
-141.691876539
-140.505455794
-242.818498997
284.985141459
-605.618748466
102.137354402
346.862492140
286.265770069
381.682541468
198.921853213
-484.544527497
200.129337565
391.459869460
425.903948266
436.447847704
-209.420217035
-212.625038582
479.375152951
486.638506352
235.078649126
-301.429290128
395.397292078
-220.068211888
513.256434133
-579.096690283
551.811865788
-287.028783050
-383.038601245
559.538337307
590.444206573
-642.894867911
631.754336434
-214.405472858
-291.609915037
318.708333715
474.005603052
386.521553513
-429.758855757
562.644746121
-564.056254750
-283.544813728
771.791024391
308.512118163
673.945660352
358.355437844
537.672156591
242.925021630
-639.719670988
-417.284501313
-505.046420551
426.317068791
-496.168655585
-485.603186164
-707.701196586
-766.386137911
-962.109726304
683.457013581
731.462446318
-720.706746733
-834.123185708
-729.561745558
517.965538644
444.459908727
-638.108871600
581.650364178
623.863091398
-588.135028896
-549.977053968
-593.850379577
-804.777754644
581.012160557
590.126173092
435.855411648
467.562923965
474.416213229
-778.003027227
-642.231983699
-532.743701756
528.017819346
-696.598464293
562.768233146
-654.486585184
640.569083704
-610.699364407
-632.011951416
-1011.486680759
-338.900250429
548.346802761
-525.847448907
-531.643075840
428.921830554
-791.972416994
839.958095289
-548.595900080
-715.008865886
-700.656033916
487.031788479
-820.923985343
-622.879145761
-565.486454046
272.902158773
407.231650319
-812.778191258
622.944446405
-342.880625017
-485.824445810
-512.509297796
-629.571692931
-657.942213976
-243.936299015
-463.157798148
296.043458588
538.943522363
386.241057697
179.193244515
592.298986333
384.747551007
114.714878041
-104.279844526
-227.636934653
-147.878037786
-230.686844382
329.823066148
192.347765587
-336.962102059
-515.279190457
132.327815317
-100.524379833
-160.616708421
-246.115850104
-572.135239857
546.017073876
-74.555579983
-153.647133349
77.725519185
54.468917764
-545.159016047
193.276342934
-271.797472803
-205.876359861
212.588681251
-303.565799069
-430.093904733
-318.186621981
-495.770769498
466.585007945
182.547215619
-499.075688109
333.204906818
-351.590838906
-631.820457668
-506.325390638
-257.571449407
-415.007567026
638.787718400
-476.222236315
586.214790944
429.636873750
-450.056263813
-372.558335910
-626.213445501
-762.864489809
-757.671812903
262.332937939
-635.424789695
-544.778096876
731.147338242
765.563778460
-639.048033621
726.406110760
-487.099911912
710.848814913
766.832993165
-473.245800299
341.703432789
712.002727390
608.156329477
339.736822930
524.025614183
599.475962480
-641.391646269
-601.834250900
690.364789316
-754.844390559
-476.082161694
-972.201168336
569.436604413
-838.537631063
679.279446351
-913.100007956
675.496044359
506.898155864
-920.912260823
-763.980337064
860.770587130
-874.403864128
-854.538155226
-892.902000640
483.434251784
1176.206297280
-677.535551812
-1068.588597501
-794.218466499
818.609130757
741.364635837
-870.397114351
-678.790877853
-745.975460845
-708.383478668
-1076.288270814
-1080.844259130
767.786235331
-742.971824988
754.510919195
-1004.670420324
-677.062908333
780.453674425
715.916616615
917.946096847
630.408768042
-764.047958984
854.731726413
-686.800558910
824.633721144
-1112.800940833
-777.496459416
-515.684789440
-833.682015895
-920.112977101
-669.633955402
850.856909109
-576.091398367
550.882035602
421.339387530
-1111.969540365
760.975696269
-903.869376709
999.022841988
-713.622242082
508.085466952
-520.383274131
-1258.266761460
-1161.484252215
-529.384089539
681.213320477
-563.383418086
788.715192681
649.253392316
907.391715838
-653.255822116
595.442031401
977.057101547
791.334690965
-716.372301590
-478.925310314
760.098052068
-631.639788416
-421.674213329
-664.572948552
539.195944577
532.801750047
418.218422883
-626.109754748
-817.598840663
-684.355934475
-794.749742597
-677.294064985
-486.657257499
-353.175199377
653.822454924
-575.100260924
-845.240693125
-580.388997350
533.764050590
-371.659248804
321.232254755
-929.289518390
-703.907576996
488.080364561
898.091074162
-819.858362303
-425.379289528
-686.299660421
654.176207978
822.977441724
318.723924026
795.083847462
766.169935609
459.593741047
414.572495692
-701.035576838
562.349373308
-558.647065416
-481.992957048
563.157273035
-354.362062080
277.739417178
632.769283908
532.092290716
-313.161090816
471.696164859
583.593039628
655.405946136
531.440608852
953.881552120
832.299547691
668.521817313
-773.530397620
-571.864345829
-611.772428486
383.754075652
778.457809744
-811.521919547
-474.069180564
-789.570763795
901.440306874
-460.315554404
-331.701350948
984.440524034
-871.017197701
543.346253526
952.248203801
586.596389859
-906.211907126
-738.297488413
1104.776770598
-1145.562161213
-645.067855382
-683.559287132
-652.531372823
751.844281113
-946.354349690
708.640734872
824.090123265
-634.403230062
863.711568235
-897.838439761
-696.702400900
747.020157977
668.755683850
1143.150622940
1177.499574003
-570.785780070
-811.806717177
-883.497168587
622.131934906
988.002551348
932.637197870
-773.224784366
624.101128865
-895.728313312
754.255235317
-482.512190568
-869.917727021
1010.442612688
896.315885902
-536.500226563
-631.536881184
588.705191621
398.903145992
-578.342422139
760.886807710
-724.076236052
-846.343888255
680.755625788
605.576671517
641.380435946
414.831707591
556.621210887
-605.817487116
-364.520051684
686.692314509
608.626329314
505.578451322
-618.286530439
641.778720230
512.999037713
-446.549887669
-397.679772661
728.085078393
500.136579189
341.629258846
-462.335398322
401.424577711
331.381702427
400.374979631
-489.007501448
-645.570346968
452.404710606
507.029673517
414.382561454
185.608995090
-908.102501979
362.392758424
-676.294320275
-424.269150821
-401.744651981
251.496074013
-510.603565024
786.655713221
491.506741413
-319.077500298
-382.402140472
654.967985093
-490.335532895
-556.921902103
317.542553654
-394.957032607
396.494282934
394.266102919
333.393788053
-192.264056365
-67.677100569
254.180272703
386.268862129
-339.598117527
510.957881184
-421.835121441
-306.807893375
27.442317767
343.912901816
402.638529374
-403.177531575
-470.589698260
-302.342525681
-234.160908496
-185.428543228
-345.469060855
535.731936039
-694.029385376
370.025712556
460.996238771
-518.952276155
-61.688433107
411.215490029
-459.214355364
-284.232092609
-210.204366845
687.584173190
359.380464771
-108.673355692
516.480815890
-361.773177458
296.537066704
412.620280956
555.009004291
-300.538595876
-327.310022648
661.760053595
343.943257995
286.769007263
-474.930109387
522.489045023
-236.754900410
338.005333943
445.761349978
561.461679407
667.199040074
210.039364716
571.101341137
-599.049811046
492.492868406
-523.153965702
697.817161473
431.900173452
-500.433954786
861.898291075
-483.104544494
-332.891077365
603.004226592
-687.127647947
-443.231871262
661.040253317
-644.401709588
350.333134034
493.097697396
543.938505927
881.673802467
-625.018756382
678.195851279
589.180567049
-668.436765969
573.499464632
966.619644221
-509.563428114
-372.171321356
-272.013806460
-651.618485857
-483.766492024
-582.214545171
-476.235202737
771.769902103
-266.556688453
-595.609537812
398.314283786
869.075779351
579.455641433
-450.269009041
-832.262394236
-188.347755826
212.402722303
-542.847508529
-492.309435221
1007.948550321
-564.885308453
597.064324946
231.921978042
-234.143188131
-761.767035277
-463.258638562
-529.284215533
507.721124122
597.299184949
140.859868198
-327.962550076
328.017367420
-348.604052542
839.580533628
-277.317159094
-811.398131200
70.735250194
-421.684890077
-465.945968118
332.045948070
-476.502385679
-136.943607343
-485.513807329
-77.963476358
-144.963592457
-455.917510340
344.739798973
626.943913150
-152.946566513
-649.306880866
-120.052946055
-146.418965340
525.925877357
-412.985714568
558.886207324
-219.435536364
-675.674138919
-199.191638553
-150.514693034
364.028619227
468.284137170
-848.632868099
315.224048888
-661.534777255
-149.467431402
-647.987819078
481.182238888
-896.553881926
-596.668103654
-391.419633291
-505.619602228
-530.784089535
347.593404574
-746.458934318
331.605485369
670.341263077
-574.980979282
913.926532944
-340.077688990
465.063493717
564.959515672
-644.754995239
-783.577123188
-582.817068372
658.726236335
129.984745394
545.492965600
-843.219994514
712.553562518
592.213981232
-221.476662563
654.515206036
260.144781939
-366.977357602
1050.790229769
-435.088738813
-628.009304203
-387.421140308
-889.177953692
-468.446478888
819.078823958
786.009330243
-737.302886023
-678.316664156
469.033168450
-624.428159079
-415.168289987
-455.285615969
536.933763644
802.236780459
-515.853758916
-501.748966741
883.935102174
442.504199184
-687.813317066
-583.431257333
625.488065810
507.828346548
634.968075806
-560.205468534
420.755457506
-756.819516411
720.137976641
650.365501660
386.061278667
608.079838894
-284.717840105
-680.444112091
707.596241932
-808.481573473
452.793223215
397.072382269
528.864443705
265.395469850
-497.782976463
786.639956549
812.626224809
-548.268779397
661.631636876
400.116500701
225.211178706
-591.162846863
372.694777959
-451.532706539
710.253960933
363.060267372
-275.178384147
201.782608280
223.790790849
-615.322043231
-323.374838699
-286.632847988
-163.738160690
-550.020782994
48.125771828
43.727814991
272.994223067
157.848008118
332.970694948
-49.496637098
-344.920521539
204.230821206
-314.856401663
-316.588457191
-279.236803745
-282.581714823
432.645183548
-118.603068217
-196.836570439
662.323916469
-268.442860159
260.330934864
94.348291527
175.287381426
238.193208174
-277.007467943
226.263439540
-311.147697514
721.478029937
200.134722537
-327.126704557
-671.038085039
52.086304560
-119.476057016
-304.904106629
-376.841095117
-467.138552838
-254.173722861
603.464437251
-231.650145271
-186.066214859
313.803545361
-456.217451808
284.301024324
264.578475190
-412.554821395
595.877142783
-280.141231520
355.978475705
650.597495458
279.066434061
-256.035788311
-534.530682496
470.020679813
120.825181738
-432.026699677
-766.884100661
500.498795677
221.940045303
-904.863619831
-180.002379411
-329.522662545
-459.716932656
-517.836644809
454.930033455
279.630885650
-418.902841761
-297.870731786
357.523805836
-373.327122682
645.691506083
613.175853101
343.353533289
-604.675762867
-753.577897055
-470.817341482
-642.276436503
-705.416069726
698.050606683
689.465017918
-534.039612016
745.405515562
455.460775858
820.803647525
-685.793716454
769.026158241
-586.801598167
726.040867773
-733.870636474
699.197300357
-595.417163529
-702.481961320
896.014248636
-968.217630920
-837.095703379
-542.815916516
-692.392002789
-710.788219038
-841.451739120
-803.091700402
-799.134606695
969.434986409
793.508810968
-706.998891907
-819.038895019
718.994006867
749.612378304
619.402789687
-717.090708706
443.900067125
457.936420760
-537.784608916
691.179979063
-720.582783206
-728.925005649
-566.624219213
-548.027939859
-593.759382364
969.749828592
-1058.273658690
-966.296748625
381.520532607
-590.613617707
949.224293931
-465.826083351
-434.491419238
590.521627957
537.304707504
656.267879340
762.534691461
-695.883356105
728.015216783
-441.104076260
477.113425596
526.145979068
-843.282373031
519.496629586
510.874948007
510.567409387
686.548111129
-839.939316011
-399.344870219
441.165970224
629.807485099
352.282362123
-725.938795893
-378.221181195
-455.066697234
-276.259477304
567.753754947
654.347728095
399.625036164
-253.819859517
776.350304092
-728.769212454
-395.171020883
255.199749028
315.732561599
557.569373290
-310.102192116
-377.426617706
558.085658908
334.180611894
-125.363665275
250.962425436
-249.441290611
-208.985675947
184.254986119
149.134688071
232.790655261
120.533756941
-436.325258190
-353.925552354
-178.611234183
205.582966527
-804.157741873
207.780427462
239.270339865
214.836024969
353.046125242
385.193662857
597.851771191
-225.684800660
146.742726485
-411.716929713
-153.229707034
416.293642218
293.089925462
422.816371390
-313.369355034
237.111385772
-136.244759104
355.834450501
270.486242057
-344.232747076
-345.215930644
253.818379087
-229.131158387
-316.918865655
-422.367128713
-378.968097327
-723.068860314
276.374803491
437.845967012
-617.138314150
372.350694573
448.371353295
-218.125667990
647.103041026
-475.362985464
-383.888606203
488.476756453
-642.732808970
-341.169786338
-451.543146276
-431.093498380
-901.104863090
715.072937179
432.352636266
-364.434819090
-680.032457387
313.704700521
-451.785656741
740.323810091
-616.857693255
-610.237005070
-604.957068302
-431.425668178
-186.290895276
-311.408972245
-544.362843864
678.647599752
626.448905278
718.082990962
-549.645948633
-318.744324191
-416.188377352
-677.744126158
-867.482407034
-951.827608256
-893.061665505
582.755575420
-612.307411506
421.113499115
616.872572188
-569.918407205
-609.988186681
496.224988464
389.968419981
-367.315252437
-554.781327375
347.401610375
-621.745124907
-354.479334252
-354.722091838
699.001421517
349.233981319
567.024784757
-346.366696613
-644.051884033
472.882287229
465.689726079
851.595469149
-494.935457901
594.096825519
312.983221431
-489.118148632
-209.853368005
-554.186230464
453.731999034
-619.901239097
-198.402525274
267.976430609
-350.890662035
163.883541235
463.762588188
-315.324569665
-426.198350194
-149.204065763
-263.296127255
-515.114954887
-371.188473045
450.205485316
239.638590615
-603.310229337
-220.359592048
-451.499559842
-330.951651811
335.589271536
-51.467443984
-128.679717850
-80.937137385
-361.874498440
514.927614961
252.497660602
122.025613184
162.651379821
125.555315786
-272.457889682
-273.987531655
477.919381696
310.159685109
144.388577389
321.085745541
-154.137442291
-184.442407813
-28.536472938
370.783510311
-362.110911626
64.166338986
228.401130480
-356.032131359
23.182503852
102.362350481
49.421426779
-106.763220154
268.259282284
116.832894033
-642.481203881
-327.556113286
53.297538127
-184.835105486
216.418666385
34.385512929
-319.866055309
552.524793697
242.475046168
-167.778586650
29.243818528
256.103237497
-239.926843278
-7.147828075
21.518713523
-607.737867090
314.379375196
52.612412384
-198.953973893
-382.770042247
-238.547763526
443.856159274
-190.829814165
-224.527565094
-343.143706149
-400.999050969
-426.037909269
522.064654490
339.412704058
269.652765211
-538.985078284
-609.943019070
-175.585063519
354.798346408
-490.860665399
-183.020068042
-646.913671121
410.087863208
-419.868185689
277.641228481
-353.513718255
398.774134003
470.068197075
637.569825023
-644.841766954
-779.793348775
684.146651336
454.275630194
-488.909855891
-302.655876871
426.629107981
-628.214988881
-432.587241521
-510.551355932
-485.675048362
356.693289492
-732.112916238
-899.828267773
309.127725866
981.690128799
-439.111328791
-656.715064119
-305.018158355
-440.887911120
678.708812717
492.038000930
350.458886226
-814.788246978
-503.402702753
-195.074586727
-440.320647454
477.592709416
394.512006707
-754.163576524
573.527800208
-222.327596962
-449.718400394
369.188345262
-301.848310523
-314.307047236
179.515896115
-355.745946985
-335.244128942
627.852970527
-269.677584540
329.410735296
-216.507770089
345.930152127
410.531633771
274.375814789
-223.011701567
-83.159543467
496.750057786
606.683310185
141.925596149
490.421341680
-288.281077874
-185.827948341
-361.301644892
-126.407286002
-372.977267894
-254.511332368
-294.271311131
261.152396270
-110.442486354
132.785987869
302.207979359
-59.395905510
185.571610241
305.488592401
362.295076800
167.886829464
-485.783999040
108.700412914
-298.583876724
-280.338826633
-520.510627572
181.373183812
-669.732505463
-133.954804329
-226.039338749
-270.870595458
254.245064751
-281.558918920
71.242582628
178.719799904
256.773893737
170.497634171
-242.628154868
90.897206627
-92.637525433
-409.174364045
273.778446235
-561.599673580
12.162258795
50.817543015
-374.535856796
-432.020371885
195.987606735
-211.063400913
-242.117300691
-56.667552346
69.321574176
110.903534399
-286.626588408
-190.461685539
-431.400926902
-408.077227900
-561.423613707
157.396369988
-170.777851989
545.108733914
-352.491711508
246.376397642
-383.005769188
227.097929513
-312.805624934
311.747741979
314.396446554
373.584064544
313.625813588
717.999680632
32.952894078
-196.819092144
260.897416856
-772.769419008
-438.543024482
-406.951177334
-726.073518879
-240.652612149
402.954439551
507.427648810
595.326110583
-499.385287690
168.986673411
481.112801456
658.094485666
633.837235542
474.458217467
-469.970069017
389.104142151
-380.078796780
-566.074096208
-346.631947943
-334.338878567
-281.774630959
510.325193652
375.094215522
295.542236822
-372.629214741
382.344233619
535.776270711
-335.292858475
-378.325551581
-370.821794781
-301.563144226
626.379236351
-328.677661398
-376.981471210
439.137555364
331.262456039
-481.530526455
364.298275674
-498.541231749
-602.070567444
555.963551214
428.176133942
-598.563349547
-356.692130097
-944.424989976
605.589506936
-364.648901080
-395.377502236
-378.216288598
-308.931874269
-688.041283203
337.262309624
-588.021266747
365.363143023
365.854473234
-302.741031917
471.598702758
381.687354153
755.361722241
-499.254677938
-542.147597108
639.292712766
374.073417683
342.001339191
-429.470515657
-586.182450513
780.121665301
504.752974616
552.957272876
-547.853075064
-499.051862454
494.108672904
353.586093823
523.394478911
-603.308842869
612.017049978
-463.000964916
359.329367371
518.199313203
-326.691320815
674.482911782
-375.022427536
645.802099574
-303.422278772
-650.347494489
-758.461950475
-313.440402429
-594.067277013
-933.957885274
-483.981662592
-325.340964360
685.682347387
-372.359399001
904.625955038
-917.014692853
-665.282217681
482.471241514
-625.544983153
742.379640933
475.595825163
-628.740719547
561.296553784
581.637134032
-630.933040170
-861.193377895
474.443736617
463.887026280
-746.018733561
556.077134808
682.838445326
809.149123542
474.298486818
588.394117664
478.169287181
822.248281718
-996.770570682
-900.493762477
-802.966987124
-696.072336609
-1014.562165816
704.371423563
556.217748679
949.339617012
783.931764936
-717.779656153
499.208171292
867.057909313
-666.491352855
550.515933603
894.258844288
-675.025619404
693.442583441
632.737016672
1082.435320231
1176.659927765
743.955635297
-741.236319925
-788.524010735
-935.888287489
-759.203747871
-704.590605162
-664.559315288
651.345612464
-929.318422938
-1004.347027564
1025.067683556
574.307548063
-840.442221182
637.582076317
-705.590665518
1193.432260288
-1028.217486090
666.745752817
801.508101655
-563.458881199
-707.399784017
-588.716619709
-929.531366559
-380.744504547
859.719480572
-738.302179898
-619.947576572
574.773312042
631.445420836
-748.313347621
526.657782779
581.673549099
-654.865865189
759.428998881
803.084498611
-509.054268033
-906.590536029
417.032042239
435.433404049
-504.342534245
525.141908603
409.786378480
786.160787291
-506.351467006
679.095309761
552.896147842
-484.043296588
480.871514139
368.963697116
-610.993443673
-395.044028743
-510.960336653
-498.786501542
457.083878685
436.334962588
-626.432904022
-250.999160618
392.019750131
-326.099460945
442.738496054
-285.787328985
244.964775203
-570.093604735
-413.906344762
540.693018226
-185.502534317
548.207715624
162.222181979
83.202391826
347.223116426
715.093951295
-454.081554831
-536.735762562
694.987569709
-100.191134862
297.845463773
-180.373969766
-289.611436174
-287.920879019
-512.488235806
618.624726834
416.684678775
-459.178243375
-621.439698331
258.270623438
-665.201074002
104.442796934
315.865001791
17.888663607
-443.133290766
114.582631758
-28.195157709
31.121958698
-208.122175377
-31.499524658
-150.652278978
-30.659941966
155.225477562
88.384915029
-131.652377048
-48.959836871
-31.244757589
145.805071568
-1.504968298
274.135527212
-207.558109995
-327.300632282
-31.435912287
448.581755538
-91.055839112
403.128406515
235.198605855
209.435289351
33.735979268
324.842333849
82.628464795
-170.858757463
44.171202250
241.630560534
-87.663649528
-15.895053663
-208.316455528
41.101827206
-164.715329504
303.098953759
554.543796754
82.874075345
-23.551046486
-506.763003737
-251.834729545
-248.991005425
-190.984475653
163.706865529
44.977151518
343.782898148
369.206413702
-380.710968815
-569.526065018
384.346711551
-259.793949166
-576.027264124
302.277692753
162.463692944
-415.103218405
-242.501442490
356.302957709
422.499724083
570.756940876
-466.621813379
428.793390766
355.428400243
-333.999606727
-509.637261373
-367.998110450
-673.263919727
-707.088935310
250.726349472
302.726704422
-288.751376683
-309.283537364
-340.702309812
-447.250337192
-346.430489546
718.118814333
460.784764532
415.795525123
-208.796929688
-331.109542038
272.827325680
293.412961939
-475.365559954
-548.350226864
308.504092727
-405.739047891
283.951500944
401.448522628
-563.879598093
376.022470772
331.039985497
353.327892617
-482.585373526
466.156477821
-439.604386345
-502.109778767
835.069219134
301.984042890
535.949910841
575.258802726
708.534423492
640.180569040
-426.079757751
-759.048663923
701.459127521
-617.700540056
646.093336565
-720.336044432
-498.331459195
761.076342491
735.092299743
779.002808835
-698.149090872
519.214178937
-576.053321662
775.770155102
-828.100997075
-1027.099630479
593.677478844
-785.147879049
-637.090641392
1165.589000770
-581.983824784
810.010477391
972.300341153
713.230961974
900.459451098
-724.087591032
-598.403492654
-848.491625901
972.324896494
-999.061115915
-752.378919519
624.135819747
517.265459737
-1151.644888798
689.538975637
1027.521748989
661.269176378
895.541011508
-911.879761826
469.687328475
812.990473824
971.229708933
902.086816027
692.463198010
866.795867267
913.034484427
221.973762396
-886.243884442
766.594133953
-1012.344261003
816.888014497
717.535645983
818.149003096
220.944286259
-564.015148955
801.616685070
1040.267423800
-1234.492497979
-925.036460760
849.347307459
-329.334259259
-462.028415929
-845.380215823
1141.575734104
1310.160795323
795.107532088
-1005.808698483
578.289307104
-417.100357934
1016.080251654
1332.784985562
-1204.619521188
966.814704997
-1129.112828676
-395.891708990
427.184962284
-1235.969777607
964.000475284
1163.825745830
-1059.165405530
994.387836645
-754.061891169
931.030075962
1218.898429952
769.395968925
1033.110934196
1145.409792850
-830.218113731
-691.950693461
-700.804397134
-1259.205493713
-754.543621859
-1358.716844268
1152.288510323
986.721041487
-643.039117519
-1006.247888452
1362.518765783
866.186766118
1423.670357417
-895.359472054
-790.728466156
-1250.161283630
894.089338481
1536.960159448
-682.465458496
-1391.537187978
864.498877613
1109.654552724
830.934504628
843.002251839
-947.376213464
786.912225638
989.544462596
1003.891505224
-616.468912682
-930.966844883
954.666558706
1467.412681016
512.584474147
-978.891162772
-759.491029647
-549.358548165
1283.085977442
-1022.304949193
1274.892241960
843.554541710
926.455558597
-746.546149497
417.472101417
-1263.869671898
-956.987323382
1068.501652791
662.743970432
-1128.255168936
987.955172934
-345.049073450
862.414431524
-1063.177961619
-1047.085445671
-285.513928224
-1005.804264987
501.320834109
403.800988351
-921.234610393
-1008.496358501
750.063721567
336.392333057
1148.238855499
393.427560231
328.441714511
1080.837418316
-925.242159104
727.146293770
438.526666765
-941.210917538
606.246815964
243.137719587
792.029731599
808.227265994
673.373463714
-281.926176898
1382.695697742
-381.909530891
-373.314322557
672.164711565
-1006.757425115
679.629431034
-588.930280358
-814.626428212
760.371351592
781.357091029
849.199277395
1057.527738833
905.494352570
-457.179183316
-1264.072534389
-1158.419134695
-593.454968845
-827.303984100
-1040.263766413
-658.558743506
836.528810069
1042.142946780
-830.685820712
-680.257246075
702.904164051
880.950171955
930.711856994
874.838564396
-1024.279134937
641.137651084
-584.985487480
-581.951169360
-515.192912692
666.251161846
686.506546010
-1175.370400722
-713.534358352
-740.270204689
532.198280595
-506.960737091
405.705178884
-679.207638555
-831.873660253
-828.981021809
801.187936355
382.641837206
-575.018707912
389.019711005
-790.770520699
1085.283131401
669.526429684
733.001379637
-352.625905266
891.509563005
877.466003170
-744.403912660
-865.342766536
-700.157667531
-662.280510943
384.115504992
617.732244287
653.783478483
882.373229341
1028.145143527
-740.242812733
723.995372628
509.460746541
576.187922447
-735.595521533
-878.063397607
962.003066784
-784.998520923
-978.506455850
-497.500843919
-716.028943738
-845.911979072
-1072.793726760
-1333.846453660
836.279114544
1072.679768318
-590.496104534
1015.133128023
748.973922973
-1258.511838246
1038.650607079
-734.293514577
-999.399602911
-966.741176436
732.334134599
1048.442304874
1013.114352713
911.533959986
-771.478373959
-1263.400020783
1036.406784470
-678.465044800
-899.058242862
854.099938056
-1177.913527935
875.155144292
-917.077051068
566.825714171
-384.393987477
-836.075472404
1072.455895248
741.305163609
858.042014026
1021.627787970
-586.567196279
-472.054351576
671.215691199
-803.396311030
979.132611895
652.748654082
-683.958635073
-802.239258245
359.048247760
746.116137065
1012.843996613
-892.899976956
-595.165562158
-932.431593478
-581.377070815
301.688710691
942.290950814
1251.313501133
980.375964327
961.399572517
570.939661027
-593.129793149
-374.504668871
456.337444164
928.465909259
-805.438931851
-791.225603569
-621.177939487
-609.938857978
607.471913164
853.352864576
820.877806094
899.599065331
723.226480527
-462.577966955
561.539936022
-789.791840706
566.420251386
536.097012344
436.784833524
635.411934357
739.865039641
-303.963106263
-873.740151519
-445.573772655
437.747055718
533.581662450
-626.328655792
472.859890125
410.928974991
-526.391403573
286.457681043
-343.834867690
502.360037867
-607.787401307
635.724677363
379.184912177
-803.737729442
240.697410915
470.611706793
-817.957639280
774.247439527
-629.250389133
330.751739960
748.547268612
334.810508425
399.064055690
-472.392010622
784.023952803
-701.378046058
698.335229151
635.969600339
462.447319596
756.838093975
-818.894101650
-519.555481608
-684.948931117
-788.799602621
607.290275635
-401.857908122
-905.714379586
582.727523843
752.524562510
618.521317150
454.914835510
-459.838504719
-422.111809595
597.115476117
538.463565587
897.990810352
-750.076429016
-463.365041520
353.928657960
514.719392629
-777.208589559
655.159448363
674.265407248
-559.900404989
717.425718063
395.852500526
275.087718796
416.802418161
-604.765679811
-667.925553253
452.841196298
-458.601241508
672.993768357
531.736398136
-585.762485524
490.033487823
799.569047577
-641.526638960
-453.893510103
-336.408230848
-690.599650774
-393.698960425
-528.461450901
-908.637554573
507.304520220
675.021726579
643.603337408
-447.051091335
-638.475368897
-402.573408037
-896.274185820
-498.745875949
-446.000552254
-469.504977696
705.020210585
634.559287463
-886.069228460
-717.947052384
-981.801228572
666.231092033
683.569596970
-922.793250317
-729.345838191
744.069542190
693.401335199
1011.340010422
811.737071265
-795.836719385
748.433865209
893.797999337
-955.132544005
774.554094303
560.917377661
744.830762167
-1356.675766628
794.040779257
-725.758470830
-1204.375063629
771.267782477
964.282878781
851.679514062
694.291351409
-873.949525971
1062.408695036
871.455890446
1192.147865615
-849.425608991
756.588537474
804.177087152
-844.918399059
-1302.717596883
701.373474013
1064.259650760
781.662654601
896.702153422
863.260867730
-1265.842228396
-940.441120707
945.198222527
910.115560433
-883.051136944
543.781439907
765.314752987
1331.188663545
1011.801468662
490.456173109
-906.692575569
1103.088944531
671.601924062
779.414598453
-1137.466673432
-804.798470193
-515.998854999
-1001.778501051
839.525391706
-729.273507153
1263.955480174
779.287547394
-964.599241528
-1069.474052297
-1120.233416093
-637.650863491
-235.712320101
1147.875766583
-916.186904361
-650.459991535
-1084.482234917
847.420352888
-453.301410817
563.652935553
-884.811426978
-736.533261029
972.597640653
-802.378307460
578.329808839
613.075870013
202.523294862
-1051.519348454
-944.380879837
-719.954893776
572.742183670
-728.461774720
-408.505166755
83.230102349
688.009761961
775.722452610
-580.740274231
-373.529265316
439.088597610
612.365811065
-195.275220949
460.093193931
498.257872427
892.698774341
-699.775132871
-906.889895641
-334.007022339
-232.622038782
-659.366537695
900.655725714
610.153916569
-304.940768684
-755.326526179
584.929688244
-543.586140057
550.110872820
416.785384953
298.394267589
849.563328207
-570.723335222
489.980032995
-542.640817800
-439.438805467
-616.650437832
-669.835424535
373.939638548
723.067014030
549.877147489
487.146834300
-454.258618310
729.520712855
-277.771836744
241.978487478
547.617460693
491.224318426
-678.088063761
215.349042880
631.526770411
470.928112672
485.954440636
445.657358556
-394.318256741
-263.746461825
-169.701445778
-418.749308987
578.233841263
301.917263985
-453.761448536
348.640567482
-380.987570290
-304.938010560
-595.844471680
-497.551611524
-197.680327342
-831.180142143
-532.885959336
678.888909583
-266.635983961
858.294602057
729.331282371
-381.584650270
-550.318996857
284.237264650
386.424507585
-497.523290068
644.991631951
-508.123354831
-475.491351498
-611.279789173
223.465953181
481.634711253
-492.526743798
661.168333456
1014.421709946
473.607178392
421.256079106
506.218162258
519.710373718
593.248560637
-741.065177078
601.030738436
632.251815583
579.095573200
-246.379799454
564.172088331
461.892326490
-640.934166190
618.826519484
-494.059793021
919.225848198
293.527234794
552.307093762
-625.266696032
-971.130702711
-507.788674099
-389.269718502
-436.317687413
-269.888659021
-491.264262806
-479.233682559
-453.061843123
-592.761871664
-561.391139053
-431.486794641
-412.395586149
-417.063505950
-673.906951413
-455.285826691
-831.849775463
479.316059185
-461.362542889
436.021233672
-693.077987868
-424.005540904
353.604912388
-494.530274927
511.357134615
355.454274067
207.688809661
-305.618677233
-285.560657065
-619.488522567
296.661471776
50.322355092
-474.006703132
-81.504903239
14.225811296
-665.634955029
-461.340638693
378.391490660
471.004237242
190.772059014
-178.071575742
69.443973746
225.173058908
218.617157213
333.855659453
302.614021581
-452.960173400
228.243512626
-41.530677263
-470.774452905
-138.746245276
-382.965468491
-494.853299854
382.907081379
115.908736713
-213.124445672
-380.005907494
-151.617993500
273.481638219
-310.644679960
297.683372381
-359.318821011
313.325143379
-447.795196813
433.646103729
-382.037445934
98.032585096
705.720949905
350.561543109
295.383524620
476.896475146
387.634633731
461.163504294
-228.285583985
-454.202540726
-760.803528797
-166.925840135
-239.930482244
610.977290628
344.492261598
593.248446726
447.895917665
420.530747196
-213.057965927
-472.353755999
-268.447199148
-470.061719796
439.952402697
414.012179151
482.797539843
-473.376426860
862.641746783
-252.972868706
520.755263338
235.359742117
-88.680304277
298.353105393
354.929320051
-579.016643903
-58.331001396
-578.561568949
23.076699776
218.510478077
848.695607901
502.419319743
683.930752873
49.646761318
426.655065386
14.718403294
-72.200019591
-733.121374422
646.284343051
338.031532080
-78.643664845
440.629799396
-33.438856124
149.464328862
726.353278685
562.116227483
-899.229425300
142.379856404
804.795475714
-277.676824262
143.619792618
397.098688065
-603.229033757
896.869792612
-464.451687301
-602.689715240
-19.365991029
-142.926680413
-725.854401650
887.423975168
702.907314972
266.457738236
-677.033356910
-407.649986788
-299.339026638
-575.436572981
734.570609094
-601.392828232
261.545022145
-981.782640887
703.081557372
448.537233837
808.640875016
-1010.770724616
820.615206788
295.762233776
-692.628995488
652.325312425
-344.105059642
-1001.381931061
1255.353640782
1010.362154035
-651.189445039
804.399157119
-597.527084927
-470.608999995
-841.257227470
1136.205541311
-921.325688460
550.835381645
1085.825482245
497.776183516
445.369903526
-875.596615636
846.434098815
-1256.703119147
-657.599313600
858.206191192
-621.645739377
-686.154489642
895.776443114
-1311.278656172
-1229.188255055
-404.199066268
-1109.689329018
609.910600478
-559.209656675
-1049.212675877
-1085.252610830
-765.360486971
801.883883446
-1310.338202319
649.150576169
-830.950691144
951.109245429
1188.956267322
767.002530613
1051.395771908
922.407792071
-950.241115783
-1085.931720986
-1201.966976506
847.734339972
-756.230401573
1061.678238305
833.766984128
-903.263270555
-1090.300116223
839.089457949
1005.663025712
-579.896855989
-826.933000879
-744.987492841
-732.366201994
1035.751141996
-802.771011325
-854.890992522
-947.912810482
1012.948293108
1037.720105858
883.538626180
974.954686418
-896.748085223
602.089270914
-566.323376549
-886.072917641
-716.402036612
-1163.206149842
1064.052549131
902.606388785
626.972222877
-648.834813991
-1257.023926624
-1174.578578804
-849.195388261
-838.939133181
924.935015823
-629.911366852
875.001461015
-1061.741566606
-931.650688967
1307.574512704
835.912140484
-1044.860788612
-839.281095862
-832.315982216
-1009.046960603
870.052463136
-902.939439271
843.689460935
-1044.300201224
876.726479541
747.730664424
-1172.230204743
877.985623907
-1237.328129929
905.853115208
-1160.247713902
822.917687234
-983.800577535
-1055.633989494
1067.324461836
929.689596025
951.015990147
1051.241910104
-1017.570717975
896.337209753
-916.603199209
797.936126809
-1295.141187577
-1018.800456855
-1105.609373374
-944.664716272
805.877484525
1235.190625985
-1006.095062889
1269.738976402
1264.081807833
-1188.644877625
800.452202698
851.316404776
1141.491105432
-1005.814050775
956.646357735
-1304.565451025
955.988784502
677.366756631
846.759760560
-790.868923107
-922.846346359
1198.693390437
-1123.082832864
1139.348129545
-503.102593351
-791.800831040
840.376550168
854.123506231
939.279766205
1333.911273089
-1020.580229192
-693.067615113
-758.749681841
786.884238768
769.046281605
-860.409820606
1398.517690894
-1030.052491029
-912.440680091
-861.609902955
-925.914345810
-690.826635901
929.065401406
1184.173528144
990.368171994
-781.201733846
-890.670003558
-867.005675438
-355.104777255
855.972052199
1020.426573187
-1124.867033193
-499.982811155
859.532325666
462.127912001
-411.332497730
-840.549799840
-1112.582873441
-741.242618337
478.997825574
-987.913078445
975.213701841
-652.012833635
953.506660689
-966.693106769
817.461944870
627.999960776
1258.457167902
652.321444397
569.835756983
831.344974595
-815.163609946
-651.291088678
-825.796629916
1290.119284101
469.231527781
-795.601674846
848.889401237
1014.956618219
1225.196257543
534.232438542
1051.414895104
-484.565755248
-727.723005200
-1185.451450979
-938.570908113
-747.975573922
842.515243319
974.725433963
1002.111894612
1009.862447908
-825.680117013
-637.781028252
-784.819610860
1024.888431057
-1044.850654609
467.337532523
-1206.003260369
-1037.326352573
730.684689076
653.960267290
-1026.346181624
-982.779948953
530.179338035
-739.459101428
-870.992188844
1018.402453352
-820.539380035
738.579026968
-853.694448460
558.913932973
-845.627274806
1124.542097096
-1064.831286549
392.318744376
-882.006197243
-885.012499918
-579.758220985
-1239.291537387
-1200.696454587
-710.489280547
-462.526764721
-936.947432547
-851.951451086
1204.841695572
1038.354433354
-1132.982423191
891.677559604
-510.512311586
-911.093492431
834.823717768
-850.137212035
-1035.343987156
1116.665373060
883.421674561
-677.007106768
931.170460579
798.301568903
-1116.785157076
1043.197801654
1164.323883139
-961.358329408
811.646653763
1225.610200917
-1228.033723840
-798.735035723
-1000.338244524
1293.429533996
-1274.469102288
-740.277027111
1108.712798865
-1035.666638026
-849.707633982
-1222.108701285
-1403.744879368
934.189771793
-751.196029919
-959.286733977
1100.921489983
-980.815443502
1098.946105775
1062.715465226
879.111213399
-759.818326498
960.868994881
834.976217879
796.648547961
-1376.596911738
-1097.128360684
-884.146646421
-843.703652310
-1133.752617406
-1009.362303286
-860.595272387
1084.288928772
1045.181099693
1127.351151263
1203.957280039
-998.321887552
1173.457291225
793.525098866
1362.371952635
1177.610069527
-1283.219484059
-1135.804285216
-1161.615693507
1038.094584397
-1101.891768441
1008.220348167
-1183.272328145
-849.249667564
-779.080793768
-1271.610349998
-727.422886870
801.147544782
-1050.183166058
950.366811086
874.481826797
709.036151066
1181.651524552
712.629968437
-678.825648657
-1046.553664244
-1195.038357673
-561.085907354
612.963040987
-1360.657056063
-626.366484765
673.510198790
890.873658436
-885.246077560
-529.854804882
766.788889106
-935.959209396
-774.124392556
-652.096296093
-1105.961412421
882.489653586
857.226531429
973.420445073
-851.563202743
-721.258653340
-733.894728443
-1094.438642155
-1256.344102971
537.780635036
-443.169930355
-981.504073744
936.570556339
-618.534718446
1032.347957381
720.628213957
730.867522805
648.004499443
885.158607723
-746.312174624
586.241381354
856.794159114
-778.642061878
-774.885829677
437.125044343
-730.508852757
-789.167332982
653.870588059
846.678661643
-1150.606576441
941.200825000
438.766151573
-803.771880417
517.394472672
468.407109965
859.193473490
803.377585624
815.434551374
-332.873856915
-769.045178055
503.389193735
-625.547363824
823.597027961
980.673006569
768.431060088
379.090452380
822.514627719
-452.903278526
-687.227091747
580.094935196
-982.886583109
662.667859913
-542.048018817
1074.964639150
-531.544384332
546.953527764
553.568020950
-800.871819298
-1004.360366989
324.207486817
-952.842124519
473.589121977
-497.028348337
-711.157214292
597.762534053
-727.765221969
-305.198371663
696.513050139
-588.731419444
678.899464603
757.424324905
1009.885944212
911.291026471
666.339888948
-613.121103060
516.708684446
645.049012731
-942.910204324
-562.546425258
-895.430719106
503.535375660
834.617599437
621.775109320
-479.494460027
934.750544987
-593.675527371
537.988668723
-617.429181743
632.608766988
720.290344303
587.668871413
-878.806904704
-1000.379341257
896.858920919
661.415644992
621.082599443
-477.893664795
516.435142992
578.527840372
502.209172367
657.608435237
-872.579539826
-797.259270714
565.852305014
442.803221431
-839.262823464
-739.019692339
552.892466375
-555.718134003
-696.360105165
648.197409270
-239.462193956
-428.318962710
759.352679015
360.808488222
-520.723590617
452.297624911
-581.455537404
239.059869511
-665.960031455
719.263886262
-394.613312828
-415.941423498
-259.563496183
278.910797510
197.525924679
-274.282512495
-359.339459040
384.743189984
673.246331900
120.605001028
419.666308793
336.836287061
-139.673068173
-507.239318779
606.491578490
-401.676154207
149.157877822
647.195533367
-347.060021099
-244.989199696
372.297786929
375.092788076
-278.360833541
-178.792036391
289.420995871
121.749033144
91.492584267
350.023359937
464.827580657
512.265485737
-173.047508264
-578.406257047
-426.989249939
149.544548130
441.125740852
359.718225228
441.753045644
-723.638389979
624.310613257
-621.921273052
307.339194517
450.068924743
483.687199364
911.214542155
-750.237260531
-504.152738318
-203.539124403
244.399749955
594.603846210
-515.577867724
-734.429850025
415.244696007
679.362184900
-261.489050135
249.399576892
411.088249390
-503.015126498
493.669590604
-408.401925893
441.614127466
-335.216788621
479.691936508
-450.681140721
-805.793774156
-628.492333709
-464.385392864
472.841172360
400.111510503
-334.594766272
451.727690381
668.162923281
796.207918098
545.188285370
830.469379160
-627.815090783
-376.410650468
-1029.750555481
-692.729256183
544.705550165
563.827015936
-633.445991656
409.501466601
499.450872478
-779.353698225
605.047001037
-583.367131413
-968.865392613
525.459081176
482.013341806
-608.507537732
-858.501916710
468.529526186
-419.018221715
-759.561722335
-679.936193519
271.462712302
-578.757725268
1000.071905125
-257.636638910
391.674854768
-533.321098753
792.336928752
734.955454216
416.042662914
491.666153127
-347.928226480
-561.392665625
644.049765346
-572.878542883
322.428903040
419.999824748
629.907271276
232.842878944
-394.640167283
-617.055189449
-697.730498850
268.258594509
422.322439007
505.310110688
-307.756211458
-425.234221798
-726.748031093
648.759943699
761.964876578
656.823289159
556.252735422
478.264721138
-823.774894954
1091.909289470
803.727861199
483.209749142
545.726233099
618.524303463
-322.233661117
615.271582524
742.018334586
848.294884617
-590.342292664
-928.253234746
-734.687393709
623.709073047
-717.252502684
727.833764020
1236.987967242
-666.928527002
583.269704777
805.397408143
769.878601887
-913.551082565
1193.868547926
1017.602042482
-815.475214469
665.260950188
932.763952838
-705.274344709
843.693454355
1040.883646861
1028.332182432
489.573720779
989.505759072
-823.417156107
-571.044675164
-1137.810215793
-940.925385452
946.906301230
481.736157562
932.682072487
1201.440066647
875.068360443
-829.848351683
-746.393525231
865.472003945
520.019084360
807.296984766
-1043.747623183
681.740057408
1008.924888447
798.449030597
-1159.273897617
655.849693186
-1056.434401254
-1239.247197515
-880.741426083
-1131.569089812
-901.836341380
-1206.620862157
852.002836786
956.822128776
1142.955682523
-954.708663962
1125.111414741
-811.518423500
-1415.058662098
-1036.350465357
1336.903771890
-1070.371240931
-1263.031800578
922.048919866
814.941960746
-892.075856287
-1209.492461150
893.890339945
1234.810342818
1050.481104237
-938.494056463
1169.503882157
1339.501533510
1093.893209206
-1189.621465142
971.284910228
1061.542031884
1269.923994135
1237.357488682
1031.384632416
-747.027709445
-984.741312476
-1072.656327062
1061.650677265
-851.919897456
-1168.053866896
-800.487436313
740.478429723
880.922997428
-1020.534924351
-955.602324769
1021.473743366
804.547747903
-1140.377727141
916.507775373
-991.956821282
-528.850902420
827.311055424
-1012.128269517
887.930630313
-1012.201074849
-1043.313706987
624.515511691
-412.675118467
1159.437989465
-758.032400637
-1134.291193491
855.214997979
-731.990574014
-1045.564256988
376.507219891
877.635418776
-715.795898685
-879.490599714
667.622552173
738.104814877
508.012447772
-736.105830057
-886.196750457
-599.179430794
-891.901433931
-338.235045879
763.483272995
387.882407427
-804.166868064
-816.063515668
479.065822633
1175.024072277
531.453226205
464.346375228
-714.432197257
566.879370953
-562.144695061
825.864058564
487.202547159
550.146976270
-614.112109430
-408.796164191
511.470939559
-538.203318537
-508.148829198
336.674595421
483.132787922
-548.036072946
-745.824388864
-352.213811075
583.083313681
384.664154746
-442.603111640
86.322035450
328.284974820
-146.511249246
-108.269388540
426.933385549
222.057978035
-414.273044968
268.361244695
655.116653224
-127.871865530
-148.055238005
562.194790375
720.358342913
218.755851951
-467.011247982
573.640175265
289.814779654
-334.458923115
-291.643227985
-176.844945168
384.194952227
-148.513671145
594.843884013
-153.862173977
489.642921576
508.082823274
-498.527038085
585.395386322
333.970214523
-583.897953692
-143.247657485
-536.015837787
528.602097340
-542.074307657
640.518390986
-663.875500754
-437.777140775
185.886790907
370.725778819
-391.265031092
-503.452948951
568.406071198
716.471296834
-571.216146485
235.264007346
-630.703833711
663.489577623
438.968342005
761.191405914
631.635290098
-596.129708285
384.792702881
672.235763389
785.241633158
-678.136258327
-753.941039299
395.747818503
883.716031597
-386.376688275
-422.058636738
-682.389427375
-680.027199846
-601.807476750
-675.831769482
-707.018339021
-524.653738548
785.475895862
918.836743978
630.509593969
555.720303068
1135.568018041
889.998578666
-556.249157368
-866.280918512
966.144317944
832.275090370
-668.671032564
-945.770292096
-880.413652177
544.824110878
-558.499069157
889.647387817
722.188323404
-772.254134336
-688.554294167
815.641726043
-469.117639532
504.549125533
841.427160150
-1088.306659303
999.230942455
925.172756836
-996.296795582
-456.230970048
644.284837664
-837.336406730
-1086.139442744
-973.447093490
