26.500000000
-80.625000000
87.000000000
63.000000000
93.000000000
-50.625000000
40.625000000
93.500000000
54.750000000
-60.375000000
62.875000000
41.875000000
21.875000000
34.500000000
-44.375000000
46.750000000
-39.000000000
-63.125000000
-67.625000000
20.250000000
-28.875000000
41.500000000
-34.500000000
4.000000000
-11.750000000
15.125000000
-27.875000000
-80.250000000
40.500000000
4.250000000
27.125000000
46.500000000
-68.625000000
-73.750000000
-58.125000000
-17.500000000
-39.375000000
32.375000000
34.250000000
31.875000000
52.875000000
29.750000000
-14.375000000
-39.250000000
-42.625000000
-42.000000000
-4.250000000
77.375000000
-70.500000000
-83.125000000
93.000000000
-46.750000000
26.875000000
-9.125000000
31.875000000
-44.750000000
-6.875000000
63.750000000
38.500000000
38.375000000
11.125000000
15.000000000
72.125000000
111.375000000
92.875000000
7.500000000
-21.000000000
81.875000000
-76.375000000
-44.125000000
-14.250000000
-63.500000000
74.625000000
-58.000000000
85.875000000
-64.250000000
-59.375000000
-113.250000000
76.875000000
-97.875000000
32.375000000
38.750000000
39.750000000
-0.500000000
7.125000000
37.750000000
-39.125000000
60.875000000
-30.375000000
-7.875000000
-27.000000000
-64.250000000
-42.375000000
-61.125000000
22.250000000
-32.625000000
-90.125000000
-33.750000000
-54.500000000
84.000000000
46.000000000
-75.875000000
-74.000000000
-61.750000000
-68.000000000
-93.750000000
-85.500000000
-75.250000000
-18.375000000
79.125000000
-56.500000000
50.125000000
-39.125000000
-44.250000000
65.000000000
-34.375000000
77.250000000
-64.000000000
-97.500000000
72.250000000
-52.875000000
28.625000000
-69.875000000
32.125000000
63.125000000
-30.625000000
-81.875000000
99.500000000
-108.375000000
-66.125000000
-42.375000000
0.625000000
88.250000000
41.000000000
53.750000000
29.875000000
90.500000000
83.875000000
-9.000000000
-20.125000000
-33.500000000
83.125000000
-64.500000000
-45.750000000
-37.625000000
49.375000000
60.875000000
54.750000000
-20.750000000
-43.250000000
65.625000000
49.250000000
4.000000000
80.125000000
18.375000000
-124.000000000
56.625000000
-37.375000000
39.000000000
-60.625000000
28.500000000
85.750000000
-9.500000000
-83.000000000
-72.125000000
38.625000000
-66.125000000
74.250000000
28.875000000
-56.750000000
-79.250000000
87.250000000
64.500000000
-87.375000000
-59.750000000
-62.875000000
-7.000000000
56.750000000
116.125000000
86.125000000
132.375000000
40.375000000
5.250000000
-4.000000000
68.000000000
75.875000000
-79.250000000
42.625000000
4.250000000
-36.750000000
55.750000000
6.875000000
0.500000000
41.625000000
27.250000000
-72.250000000
-95.375000000
-26.500000000
77.500000000
-1.250000000
24.375000000
-56.750000000
75.250000000
39.750000000
-96.125000000
57.625000000
-17.375000000
11.500000000
-73.375000000
31.500000000
66.875000000
59.625000000
67.500000000
50.750000000
92.375000000
54.250000000
-125.750000000
3.875000000
-33.125000000
105.750000000
104.125000000
42.875000000
11.750000000
-50.500000000
-62.125000000
-45.125000000
35.125000000
-72.375000000
89.125000000
53.250000000
-122.625000000
-109.375000000
-52.625000000
14.125000000
-98.500000000
-121.875000000
-49.125000000
-37.375000000
12.500000000
14.500000000
-17.625000000
44.750000000
-72.000000000
51.625000000
105.750000000
-44.375000000
109.875000000
92.250000000
4.000000000
-23.125000000
-66.500000000
32.625000000
-81.125000000
24.500000000
72.125000000
27.000000000
42.625000000
-69.250000000
-84.500000000
96.250000000
56.250000000
-60.250000000
47.875000000
37.250000000
48.000000000
-92.500000000
-70.000000000
-92.500000000
58.125000000
59.375000000
-99.750000000
-51.250000000
-46.250000000
-112.250000000
63.375000000
-92.125000000
83.125000000
-25.750000000
44.500000000
-98.250000000
-70.000000000
-93.000000000
-36.375000000
86.125000000
-38.375000000
3.875000000
108.375000000
36.250000000
84.625000000
-62.875000000
105.125000000
112.375000000
42.000000000
-54.875000000
-30.750000000
-19.500000000
-127.625000000
50.750000000
26.250000000
-24.500000000
33.875000000
63.875000000
16.375000000
3.625000000
-32.375000000
20.250000000
-0.125000000
-4.000000000
-28.000000000
-5.375000000
-65.625000000
71.625000000
-15.000000000
63.500000000
54.625000000
-2.125000000
-8.375000000
-8.875000000
71.875000000
-15.125000000
-49.375000000
47.500000000
-16.750000000
-6.625000000
-13.250000000
-12.500000000
-10.875000000
64.500000000
0.250000000
23.000000000
32.625000000
37.625000000
-112.750000000
75.875000000
-49.625000000
-116.375000000
34.750000000
27.125000000
-38.000000000
-10.125000000
-2.125000000
-62.375000000
32.250000000
-33.000000000
19.375000000
91.250000000
30.375000000
-100.000000000
-17.375000000
34.500000000
-30.750000000
13.500000000
55.875000000
-43.500000000
-59.625000000
74.125000000
-82.000000000
-82.125000000
27.625000000
10.000000000
-21.625000000
-35.125000000
100.125000000
-142.125000000
33.125000000
87.500000000
-27.125000000
-85.750000000
88.625000000
51.750000000
-74.500000000
-74.500000000
-127.000000000
-68.250000000
61.500000000
-83.125000000
-56.375000000
60.125000000
-55.250000000
32.750000000
-57.000000000
-41.125000000
-47.500000000
67.125000000
125.875000000
-63.250000000
74.250000000
51.500000000
16.750000000
60.500000000
63.000000000
63.500000000
-67.250000000
-77.875000000
110.750000000
-77.375000000
-54.125000000
-58.500000000
-37.750000000
94.250000000
-60.625000000
-36.625000000
62.125000000
110.750000000
-30.000000000
-73.750000000
-46.250000000
-89.750000000
-13.750000000
-32.750000000
80.625000000
-100.875000000
-60.000000000
57.000000000
75.375000000
50.750000000
62.500000000
-62.000000000
-64.500000000
-82.125000000
-65.000000000
-46.625000000
-50.250000000
85.625000000
-18.750000000
138.500000000
77.500000000
-94.375000000
77.125000000
-65.125000000
73.000000000
-128.250000000
79.500000000
-108.000000000
-62.250000000
-97.875000000
-86.250000000
-98.750000000
27.250000000
42.000000000
27.250000000
-26.625000000
39.750000000
-33.875000000
-9.375000000
32.750000000
44.000000000
-23.500000000
13.125000000
-29.750000000
-98.500000000
11.375000000
-64.625000000
-36.625000000
32.375000000
54.875000000
-60.500000000
-2.500000000
34.250000000
-0.875000000
-84.000000000
38.375000000
-52.375000000
21.250000000
-17.125000000
78.125000000
-20.000000000
22.875000000
24.625000000
-89.375000000
3.625000000
-14.250000000
28.625000000
-15.750000000
63.625000000
-13.875000000
66.500000000
-73.750000000
44.125000000
-41.375000000
-18.000000000
-25.250000000
48.125000000
1.250000000
3.875000000
7.625000000
-25.125000000
-31.375000000
24.875000000
30.125000000
-99.375000000
50.250000000
-14.750000000
-24.125000000
47.875000000
30.500000000
38.000000000
-10.500000000
36.500000000
-81.500000000
26.625000000
67.375000000
114.125000000
-68.625000000
93.250000000
104.625000000
-68.250000000
57.250000000
-38.875000000
-21.375000000
79.500000000
-25.875000000
64.625000000
-38.625000000
-107.500000000
91.000000000
9.125000000
-39.375000000
-18.500000000
-65.250000000
27.750000000
43.125000000
-33.625000000
76.250000000
-71.625000000
93.500000000
49.500000000
-3.250000000
66.500000000
-79.250000000
44.375000000
-6.750000000
70.500000000
21.125000000
49.125000000
-79.625000000
-90.375000000
21.875000000
66.375000000
-17.875000000
-6.875000000
-11.125000000
26.625000000
-21.750000000
39.875000000
-30.500000000
88.625000000
-74.000000000
-106.375000000
52.500000000
79.875000000
-76.500000000
62.750000000
-119.625000000
103.500000000
-68.500000000
-75.625000000
-42.625000000
-107.500000000
-59.750000000
-107.250000000
97.500000000
89.375000000
64.750000000
43.500000000
-96.625000000
-94.250000000
-54.250000000
30.500000000
52.750000000
-15.125000000
23.625000000
-27.375000000
-66.375000000
16.500000000
-76.500000000
22.375000000
1.375000000
16.375000000
-27.125000000
-85.125000000
46.750000000
-40.875000000
-22.250000000
-47.125000000
79.500000000
-43.250000000
43.000000000
-94.000000000
101.750000000
73.375000000
-12.500000000
56.750000000
-92.000000000
-70.250000000
-75.625000000
27.625000000
50.125000000
-90.125000000
-39.375000000
3.000000000
-109.875000000
-12.625000000
-15.125000000
52.375000000
32.375000000
22.250000000
-41.875000000
-74.125000000
-16.625000000
32.875000000
-51.750000000
-70.750000000
-47.875000000
-30.625000000
7.875000000
1.125000000
-81.375000000
0.500000000
68.250000000
-69.000000000
-99.000000000
90.875000000
-115.625000000
65.250000000
-50.250000000
75.250000000
-22.375000000
29.500000000
64.875000000
49.375000000
-31.625000000
32.875000000
-25.125000000
-16.125000000
-33.250000000
4.000000000
134.125000000
-58.750000000
-48.125000000
-101.750000000
-70.375000000
15.750000000
-10.000000000
-47.375000000
80.500000000
29.500000000
3.875000000
-25.500000000
5.500000000
26.625000000
-38.875000000
34.125000000
39.500000000
12.875000000
90.875000000
86.375000000
46.125000000
-76.500000000
21.125000000
-33.625000000
98.375000000
47.875000000
-63.875000000
67.375000000
51.250000000
-4.375000000
-79.500000000
107.375000000
21.125000000
26.500000000
-77.000000000
-50.500000000
20.125000000
-70.625000000
136.625000000
-64.125000000
-82.375000000
-119.625000000
-67.875000000
-31.875000000
62.750000000
15.750000000
-77.875000000
66.250000000
-31.125000000
-44.125000000
70.375000000
35.625000000
-32.625000000
7.250000000
-62.875000000
16.125000000
-44.125000000
-12.125000000
9.125000000
40.000000000
-77.125000000
-43.375000000
-7.500000000
-102.500000000
-59.250000000
21.625000000
-66.875000000
74.750000000
41.500000000
-22.000000000
-78.250000000
-49.625000000
-63.625000000
63.125000000
-83.125000000
53.750000000
-49.375000000
-62.250000000
-100.000000000
46.750000000
-8.125000000
-58.125000000
-25.000000000
-74.000000000
137.750000000
-11.125000000
56.875000000
49.625000000
26.625000000
11.750000000
60.750000000
63.750000000
-114.000000000
83.250000000
32.625000000
32.375000000
-66.750000000
-39.875000000
75.875000000
-15.500000000
9.125000000
98.750000000
-29.500000000
-15.750000000
-13.000000000
-102.250000000
26.500000000
67.750000000
-27.375000000
121.250000000
39.875000000
46.250000000
-60.250000000
-13.000000000
27.625000000
-24.875000000
-133.750000000
-37.000000000
-38.375000000
-66.750000000
47.000000000
9.625000000
61.250000000
-122.000000000
-39.875000000
15.375000000
-73.000000000
78.000000000
37.750000000
84.375000000
-14.875000000
-81.000000000
109.625000000
21.000000000
58.000000000
50.500000000
7.000000000
-72.500000000
83.000000000
110.500000000
-4.625000000
-73.375000000
84.750000000
73.875000000
88.000000000
-39.875000000
-108.375000000
-45.375000000
29.875000000
81.500000000
-45.500000000
-62.625000000
45.750000000
-116.750000000
-46.250000000
65.875000000
-28.625000000
74.625000000
71.625000000
15.000000000
119.625000000
112.375000000
89.125000000
82.500000000
-45.000000000
41.875000000
85.375000000
-83.375000000
-74.125000000
-85.375000000
98.750000000
-80.500000000
34.625000000
129.875000000
38.875000000
44.250000000
-116.625000000
-67.500000000
55.125000000
30.625000000
57.625000000
-18.000000000
-1.375000000
-34.250000000
22.625000000
-83.375000000
38.000000000
-20.625000000
-103.750000000
73.375000000
-21.750000000
14.000000000
27.125000000
2.625000000
89.125000000
55.125000000
-39.000000000
31.875000000
-98.500000000
58.500000000
26.500000000
-44.625000000
63.500000000
44.000000000
-51.375000000
5.000000000
21.250000000
21.625000000
8.125000000
-34.250000000
-27.750000000
28.000000000
-73.000000000
4.750000000
30.625000000
21.750000000
84.875000000
18.750000000
11.000000000
136.125000000
115.500000000
-52.750000000
76.125000000
-31.500000000
60.125000000
-34.125000000
-27.750000000
-38.625000000
19.125000000
66.875000000
30.125000000
89.625000000
-42.500000000
-54.000000000
-24.500000000
-123.125000000
61.750000000
-51.250000000
-2.000000000
-12.500000000
-49.625000000
81.250000000
16.125000000
36.125000000
27.875000000
82.750000000
-76.250000000
44.125000000
-4.125000000
6.750000000
39.375000000
-40.375000000
8.250000000
73.875000000
84.625000000
51.250000000
66.625000000
-71.000000000
-29.625000000
-29.500000000
-46.250000000
89.750000000
60.000000000
68.250000000
-62.000000000
-36.000000000
18.000000000
53.625000000
-95.500000000
-39.625000000
111.500000000
75.250000000
-62.875000000
51.500000000
26.750000000
45.750000000
-52.750000000
-71.875000000
-76.750000000
-124.125000000
-51.500000000
-27.625000000
-68.250000000
100.625000000
75.750000000
96.375000000
15.125000000
-30.625000000
42.875000000
60.250000000
11.875000000
9.875000000
57.500000000
-19.625000000
36.125000000
6.750000000
131.625000000
-15.500000000
44.750000000
-45.750000000
-17.250000000
-102.625000000
-83.750000000
1.500000000
68.500000000
-66.625000000
23.500000000
-3.375000000
3.625000000
38.125000000
-92.625000000
-17.125000000
16.375000000
64.250000000
-104.125000000
59.625000000
-0.500000000
-29.750000000
68.750000000
-28.625000000
126.750000000
-56.000000000
64.625000000
43.750000000
48.750000000
-63.625000000
78.875000000
32.125000000
-11.875000000
105.000000000
-73.500000000
-24.500000000
62.000000000
-83.125000000
86.250000000
50.125000000
73.750000000
-77.875000000
-41.625000000
-82.250000000
-39.000000000
-109.750000000
-86.125000000
-42.750000000
-85.875000000
-27.375000000
0.625000000
-14.125000000
-51.875000000
-40.000000000
-66.375000000
-49.250000000
-21.500000000
-31.125000000
-10.500000000
-76.000000000
-107.250000000
1.375000000
84.875000000
54.625000000
-25.875000000
-47.125000000
34.625000000
40.375000000
12.250000000
50.625000000
33.500000000
85.250000000
55.625000000
-89.500000000
43.750000000
-75.375000000
-65.250000000
18.125000000
64.750000000
-83.875000000
51.125000000
51.250000000
-30.125000000
-32.500000000
71.125000000
10.000000000
90.500000000
74.000000000
-27.750000000
-11.125000000
-26.750000000
-54.500000000
-79.625000000
-46.000000000
65.375000000
41.250000000
61.125000000
62.625000000
-50.500000000
40.250000000
-78.625000000
113.250000000
-79.125000000
-42.125000000
7.500000000
9.625000000
-18.375000000
59.125000000
-51.375000000
47.875000000
59.875000000
-63.500000000
71.750000000
16.125000000
-17.750000000
71.625000000
40.875000000
-79.875000000
53.250000000
39.000000000
6.875000000
80.500000000
90.250000000
-77.750000000
57.125000000
13.000000000
-45.000000000
28.000000000
37.875000000
17.250000000
49.375000000
-31.000000000
-18.250000000
101.125000000
98.375000000
39.375000000
-1.375000000
65.375000000
-82.875000000
-69.250000000
61.000000000
126.375000000
77.000000000
-32.375000000
13.500000000
-1.375000000
116.375000000
72.000000000
42.000000000
47.000000000
-64.750000000
-27.250000000
73.875000000
82.000000000
-43.875000000
-61.500000000
-71.625000000
-142.625000000
94.750000000
-74.125000000
48.250000000
-34.000000000
-73.875000000
-42.875000000
-49.125000000
7.000000000
19.125000000
52.000000000
-77.500000000
-76.875000000
56.500000000
-109.625000000
-104.625000000
113.750000000
-79.750000000
-64.750000000
-11.125000000
-12.250000000
112.250000000
-65.000000000
30.125000000
44.000000000
122.375000000
-46.625000000
-6.500000000
86.375000000
-21.375000000
-96.875000000
78.500000000
65.875000000
99.750000000
-54.625000000
-42.250000000
-40.875000000
-117.000000000
-91.125000000
-71.750000000
-83.500000000
-57.250000000
-28.500000000
33.250000000
58.875000000
82.125000000
14.125000000
-56.250000000
-83.750000000
32.375000000
-130.750000000
76.625000000
-52.500000000
97.750000000
-31.750000000
-27.375000000
45.750000000
-67.125000000
42.375000000
28.500000000
39.125000000
101.000000000
-46.000000000
-99.625000000
-115.500000000
93.875000000
-50.625000000
105.625000000
-93.125000000
-36.000000000
-57.500000000
98.375000000
-123.250000000
-43.750000000
49.625000000
-133.250000000
61.250000000
-31.875000000
40.500000000
120.875000000
-51.875000000
-25.125000000
72.250000000
23.500000000
43.750000000
9.000000000
70.500000000
-43.500000000
57.750000000
60.875000000
18.500000000
-59.875000000
7.000000000
-75.375000000
-24.000000000
-35.750000000
-32.625000000
4.125000000
37.500000000
-56.625000000
17.125000000
48.500000000
122.250000000
-77.875000000
-79.250000000
77.875000000
-121.250000000
47.250000000
109.000000000
54.125000000
59.750000000
-40.125000000
-32.625000000
-48.625000000
59.750000000
-92.125000000
38.750000000
-33.125000000
14.000000000
76.000000000
-1.625000000
17.625000000
-51.125000000
-39.125000000
-9.500000000
86.000000000
-37.375000000
-21.125000000
76.625000000
4.000000000
0.500000000
-52.625000000
88.250000000
58.250000000
82.750000000
-33.625000000
63.625000000
-23.500000000
-110.000000000
123.000000000
117.500000000
-17.500000000
0.625000000
32.000000000
-40.000000000
-76.625000000
49.000000000
-58.000000000
115.375000000
86.000000000
60.750000000
-91.375000000
42.000000000
93.000000000
34.500000000
-116.375000000
-26.500000000
56.375000000
-61.750000000
-68.875000000
36.625000000
-26.625000000
-84.625000000
-51.000000000
87.250000000
-48.000000000
-36.875000000
76.625000000
-59.125000000
55.375000000
51.500000000
96.500000000
68.000000000
63.000000000
-49.875000000
47.375000000
45.500000000
-52.125000000
93.000000000
-82.625000000
-48.375000000
-19.000000000
58.875000000
51.750000000
44.375000000
-52.750000000
70.500000000
86.375000000
68.750000000
-72.125000000
-44.375000000
75.000000000
107.500000000
57.625000000
77.500000000
-57.250000000
-94.000000000
-61.000000000
-53.250000000
88.875000000
39.750000000
26.375000000
-61.125000000
62.750000000
-72.375000000
-73.750000000
63.250000000
71.625000000
-3.875000000
-62.750000000
47.875000000
-93.750000000
85.000000000
-10.500000000
-51.750000000
79.625000000
-36.875000000
-15.875000000
20.625000000
5.250000000
32.250000000
-45.875000000
15.125000000
53.000000000
-32.750000000
-54.125000000
-75.125000000
-99.125000000
-45.000000000
22.375000000
-46.500000000
69.000000000
15.625000000
-18.375000000
45.750000000
31.875000000
45.375000000
27.250000000
-92.000000000
74.250000000
-80.375000000
-54.750000000
31.125000000
-63.750000000
-76.125000000
-11.250000000
90.000000000
-106.875000000
-50.125000000
-43.750000000
106.625000000
-69.000000000
104.000000000
20.750000000
56.125000000
58.125000000
82.875000000
88.500000000
-66.375000000
82.375000000
-41.375000000
-76.375000000
64.625000000
-77.875000000
-63.625000000
-78.500000000
-38.750000000
85.375000000
-32.500000000
75.750000000
-60.875000000
-38.375000000
48.750000000
-58.625000000
-58.375000000
-74.625000000
28.875000000
-79.750000000
83.125000000
-52.000000000
3.375000000
31.625000000
-82.375000000
-128.875000000
31.250000000
11.250000000
-74.875000000
40.500000000
-53.375000000
-56.875000000
-64.625000000
-98.375000000
-32.625000000
-91.875000000
-7.875000000
-74.250000000
16.625000000
-20.625000000
26.500000000
-0.500000000
-76.875000000
-71.125000000
-112.250000000
-66.000000000
-3.875000000
-121.125000000
33.375000000
35.500000000
-58.625000000
31.000000000
45.125000000
72.625000000
105.125000000
-29.500000000
-81.625000000
-33.625000000
-78.125000000
21.750000000
50.500000000
-61.875000000
-26.625000000
-109.125000000
14.500000000
-56.500000000
-128.625000000
-12.375000000
125.625000000
45.250000000
118.000000000
89.250000000
106.875000000
66.000000000
61.250000000
34.875000000
-77.375000000
-97.750000000
24.250000000
35.750000000
-39.500000000
26.625000000
65.625000000
32.625000000
-28.625000000
-0.875000000
-55.375000000
-79.125000000
-52.250000000
48.500000000
-69.000000000
43.375000000
54.250000000
-16.000000000
-48.250000000
18.875000000
-24.875000000
23.875000000
-109.000000000
-81.250000000
-90.875000000
-68.500000000
-48.250000000
3.000000000
-45.875000000
34.250000000
53.750000000
99.875000000
-68.000000000
-8.250000000
-113.750000000
50.875000000
77.000000000
35.500000000
51.000000000
17.250000000
75.500000000
-68.750000000
-74.375000000
-97.875000000
-64.000000000
53.750000000
40.375000000
-104.000000000
102.500000000
-51.500000000
-86.375000000
-36.250000000
84.250000000
-31.875000000
-29.875000000
-35.125000000
64.625000000
1.625000000
-66.750000000
61.125000000
110.000000000
56.375000000
59.500000000
58.500000000
25.375000000
89.500000000
95.250000000
40.000000000
110.000000000
-16.750000000
-49.500000000
27.875000000
-30.750000000
-73.125000000
53.125000000
69.250000000
34.125000000
-74.000000000
-128.125000000
25.375000000
41.125000000
49.125000000
-41.625000000
-26.625000000
20.125000000
-82.875000000
51.625000000
51.875000000
-4.375000000
3.625000000
-73.125000000
-41.750000000
-0.250000000
43.000000000
-62.375000000
52.250000000
-69.625000000
98.875000000
87.750000000
87.250000000
85.375000000
93.250000000
77.500000000
44.625000000
4.625000000
-9.750000000
-81.375000000
-74.875000000
-36.750000000
79.000000000
68.375000000
-106.375000000
16.500000000
-69.875000000
-56.625000000
69.125000000
72.250000000
87.875000000
-92.500000000
29.750000000
-30.000000000
-46.750000000
4.500000000
54.750000000
29.000000000
45.375000000
0.625000000
8.125000000
5.500000000
-57.500000000
-28.500000000
-15.000000000
-47.500000000
68.250000000
53.500000000
55.750000000
15.500000000
-12.125000000
-32.375000000
-81.000000000
66.125000000
53.750000000
105.625000000
-87.750000000
79.500000000
8.875000000
7.000000000
-68.750000000
-44.000000000
-69.250000000
38.500000000
66.250000000
132.250000000
-58.125000000
-88.000000000
33.875000000
-103.375000000
-47.375000000
44.375000000
-2.125000000
-82.125000000
-65.250000000
67.125000000
59.500000000
57.250000000
-44.625000000
-35.250000000
38.625000000
-141.000000000
-74.875000000
-54.875000000
-54.125000000
-65.750000000
40.000000000
-48.875000000
64.500000000
-69.125000000
59.250000000
-48.250000000
44.875000000
-102.875000000
56.875000000
-42.875000000
51.000000000
-34.750000000
45.250000000
8.125000000
-57.625000000
-84.625000000
15.125000000
-77.375000000
59.625000000
97.125000000
68.750000000
-18.500000000
-5.750000000
4.875000000
-55.125000000
-38.750000000
-2.625000000
20.250000000
16.125000000
58.000000000
-9.500000000
60.875000000
-77.125000000
-16.375000000
28.625000000
-49.000000000
41.125000000
25.625000000
95.375000000
-14.125000000
29.375000000
25.500000000
-59.375000000
-49.500000000
45.875000000
31.500000000
-69.750000000
106.625000000
33.125000000
108.500000000
-82.750000000
101.000000000
-51.000000000
33.000000000
-33.500000000
-36.000000000
50.750000000
-20.875000000
82.000000000
-70.000000000
68.875000000
17.500000000
-35.250000000
20.000000000
49.125000000
-31.750000000
-9.375000000
51.500000000
-84.625000000
-53.750000000
82.750000000
59.250000000
-50.625000000
-0.500000000
-9.875000000
37.375000000
5.000000000
64.000000000
45.000000000
99.250000000
64.750000000
-115.500000000
-42.375000000
-35.750000000
-4.000000000
50.500000000
-20.250000000
35.375000000
59.000000000
-16.125000000
98.375000000
18.500000000
-98.500000000
-11.125000000
3.250000000
-20.750000000
122.500000000
25.250000000
-60.125000000
-15.000000000
94.250000000
70.625000000
-55.500000000
101.500000000
-53.000000000
64.750000000
53.250000000
19.750000000
-95.750000000
66.750000000
-62.500000000
-118.875000000
-24.000000000
125.250000000
55.000000000
65.750000000
38.375000000
-73.250000000
-32.625000000
-40.000000000
77.250000000
-13.125000000
63.750000000
5.875000000
96.750000000
74.750000000
-51.875000000
-59.375000000
-90.125000000
-11.875000000
34.500000000
-75.250000000
-71.875000000
-39.375000000
71.125000000
28.000000000
-128.625000000
70.625000000
-123.125000000
-12.250000000
78.750000000
41.750000000
45.125000000
-37.250000000
-72.125000000
-38.375000000
63.375000000
-24.500000000
-51.125000000
-73.625000000
25.875000000
35.000000000
50.750000000
2.125000000
-98.750000000
-111.000000000
69.625000000
120.000000000
-126.625000000
118.125000000
59.000000000
22.000000000
38.625000000
-88.625000000
-14.750000000
21.750000000
88.250000000
51.125000000
-12.500000000
-53.875000000
49.000000000
32.625000000
72.625000000
31.250000000
19.375000000
30.000000000
-59.625000000
83.000000000
-66.875000000
-58.000000000
93.500000000
-57.875000000
-57.875000000
-98.000000000
-88.000000000
-104.875000000
-56.625000000
113.375000000
-74.250000000
-71.375000000
-93.125000000
82.375000000
-95.375000000
88.625000000
-109.000000000
35.875000000
74.875000000
-88.500000000
-86.250000000
30.125000000
-127.625000000
90.500000000
81.750000000
57.750000000
14.750000000
69.750000000
-33.750000000
59.750000000
35.375000000
-77.000000000
49.000000000
-72.750000000
-23.375000000
-49.250000000
46.000000000
54.625000000
87.250000000
-47.000000000
44.625000000
-23.250000000
65.750000000
-122.500000000
123.125000000
85.000000000
48.500000000
-86.125000000
-74.500000000
111.750000000
58.125000000
-78.875000000
-75.875000000
-112.125000000
35.000000000
-48.250000000
58.375000000
-29.750000000
-24.750000000
-62.375000000
31.500000000
38.875000000
-35.500000000
-29.875000000
40.625000000
-56.000000000
-93.375000000
-33.875000000
71.250000000
-121.375000000
69.500000000
-81.250000000
-99.000000000
85.375000000
-71.375000000
92.875000000
108.250000000
-93.500000000
53.500000000
-33.625000000
-57.125000000
34.875000000
58.250000000
46.375000000
43.500000000
-93.250000000
-56.875000000
63.500000000
-96.875000000
-103.375000000
-82.875000000
-76.250000000
38.625000000
73.625000000
-110.000000000
75.875000000
86.500000000
81.250000000
-94.125000000
-75.500000000
-48.625000000
108.250000000
-64.375000000
-38.875000000
57.000000000
-47.625000000
-76.000000000
90.250000000
94.250000000
38.750000000
-23.500000000
-43.625000000
-35.125000000
28.125000000
97.000000000
-80.000000000
-25.500000000
15.500000000
2.125000000
9.625000000
72.125000000
-48.375000000
40.875000000
-62.250000000
-99.375000000
-106.250000000
80.000000000
-1.250000000
65.000000000
56.125000000
4.500000000
71.250000000
2.625000000
-87.750000000
121.000000000
-43.375000000
-65.000000000
-80.500000000
15.000000000
-25.250000000
-41.250000000
-4.750000000
-47.000000000
86.000000000
13.500000000
69.250000000
50.375000000
-66.375000000
15.625000000
-100.250000000
108.125000000
6.750000000
-17.250000000
-40.000000000
70.375000000
-7.500000000
-58.625000000
36.625000000
-15.125000000
110.750000000
-78.000000000
27.875000000
-53.000000000
-81.125000000
98.000000000
19.000000000
-145.500000000
-51.500000000
-16.500000000
50.250000000
-83.250000000
52.875000000
-2.500000000
-46.250000000
36.625000000
-54.500000000
40.875000000
27.750000000
17.875000000
63.500000000
-5.375000000
-55.500000000
24.500000000
16.625000000
0.875000000
-38.625000000
51.500000000
-11.375000000
-46.000000000
18.750000000
60.875000000
29.625000000
-20.625000000
24.250000000
-8.125000000
22.375000000
75.750000000
25.375000000
-61.375000000
-66.500000000
22.250000000
28.500000000
53.500000000
5.875000000
-84.500000000
69.625000000
-48.250000000
19.625000000
-0.875000000
-79.375000000
-48.875000000
-3.500000000
24.875000000
73.250000000
97.250000000
-72.000000000
65.625000000
92.500000000
75.250000000
68.250000000
53.375000000
-41.625000000
86.625000000
13.875000000
74.500000000
30.750000000
-78.750000000
-66.250000000
-21.375000000
-94.500000000
57.250000000
-12.250000000
1.625000000
-32.625000000
-20.250000000
69.375000000
5.875000000
-50.625000000
-43.125000000
-44.125000000
-22.875000000
63.875000000
-40.375000000
73.500000000
-133.375000000
76.125000000
68.250000000
-101.375000000
93.250000000
79.250000000
-37.000000000
62.875000000
-25.000000000
-58.125000000
-80.375000000
86.250000000
84.750000000
13.875000000
-64.500000000
69.500000000
-71.625000000
-22.250000000
39.500000000
-72.875000000
25.000000000
92.375000000
74.125000000
95.250000000
72.750000000
-60.000000000
-74.500000000
-39.875000000
100.875000000
83.000000000
127.375000000
-86.375000000
68.250000000
-43.875000000
-71.500000000
82.375000000
10.250000000
-71.000000000
37.875000000
-92.875000000
51.625000000
104.500000000
-7.500000000
29.375000000
-51.250000000
20.875000000
-78.000000000
-68.000000000
84.375000000
-87.125000000
4.625000000
62.000000000
46.750000000
-107.250000000
-72.625000000
89.750000000
97.125000000
-112.250000000
84.500000000
47.500000000
-116.250000000
76.750000000
-33.000000000
78.500000000
-66.750000000
33.125000000
109.125000000
-107.750000000
31.250000000
-87.875000000
51.750000000
-121.250000000
-74.500000000
-93.125000000
-75.500000000
98.125000000
51.375000000
-43.000000000
-8.125000000
-103.125000000
67.625000000
71.000000000
51.250000000
79.000000000
-59.750000000
-61.250000000
-51.875000000
83.125000000
24.000000000
48.500000000
-47.625000000
9.750000000
74.375000000
-34.000000000
53.375000000
27.250000000
-61.500000000
-4.250000000
-88.750000000
58.000000000
-75.250000000
-67.375000000
-94.375000000
79.500000000
-9.625000000
-27.750000000
-105.750000000
72.875000000
50.500000000
4.750000000
4.375000000
-9.000000000
67.125000000
13.875000000
31.875000000
21.625000000
47.625000000
-26.625000000
-30.500000000
-40.750000000
-26.000000000
2.500000000
-61.625000000
-113.750000000
35.125000000
40.375000000
-42.375000000
-11.875000000
70.875000000
-62.625000000
23.625000000
41.625000000
68.000000000
110.625000000
53.375000000
-44.125000000
-40.000000000
-21.750000000
67.250000000
-54.875000000
22.125000000
49.750000000
15.750000000
57.500000000
-38.125000000
-75.125000000
50.375000000
-91.375000000
84.750000000
-109.000000000
-77.750000000
24.625000000
8.250000000
91.375000000
-55.000000000
59.375000000
74.625000000
-43.500000000
-89.875000000
93.125000000
-60.000000000
24.500000000
15.125000000
37.375000000
-59.750000000
71.125000000
146.875000000
58.125000000
-53.375000000
-11.750000000
26.750000000
-53.875000000
81.125000000
-15.750000000
57.500000000
63.375000000
-24.375000000
25.500000000
-53.375000000
-91.000000000
2.625000000
27.875000000
-75.125000000
48.250000000
34.500000000
56.375000000
-9.000000000
82.625000000
-45.875000000
-59.500000000
110.000000000
-10.500000000
70.625000000
-32.625000000
53.000000000
-110.500000000
-109.625000000
7.125000000
35.875000000
-33.875000000
39.750000000
-16.625000000
39.250000000
-66.250000000
-16.000000000
-57.375000000
12.625000000
-5.625000000
-61.500000000
53.750000000
-41.250000000
-47.500000000
59.125000000
-63.750000000
100.875000000
43.750000000
-49.625000000
69.375000000
56.125000000
-42.125000000
47.000000000
80.625000000
21.500000000
30.500000000
-22.250000000
-43.750000000
-85.750000000
85.625000000
41.125000000
-15.125000000
25.875000000
57.375000000
25.625000000
48.000000000
-105.000000000
-92.000000000
-3.375000000
16.875000000
-78.250000000
-58.125000000
22.250000000
59.750000000
-127.250000000
-45.375000000
-100.250000000
-30.250000000
75.000000000
-5.750000000
-21.375000000
78.125000000
-44.750000000
129.750000000
119.750000000
37.250000000
-53.375000000
-48.000000000
-29.000000000
-50.375000000
-4.125000000
67.250000000
58.375000000
-41.625000000
99.875000000
-32.750000000
-60.875000000
-106.625000000
-48.500000000
36.250000000
78.125000000
25.250000000
7.500000000
-23.250000000
-68.000000000
30.625000000
-95.875000000
-10.500000000
-75.375000000
60.375000000
121.375000000
64.750000000
-30.875000000
74.000000000
26.375000000
21.875000000
-0.500000000
83.250000000
34.500000000
-31.625000000
-59.750000000
46.375000000
45.125000000
-87.500000000
-43.625000000
16.125000000
24.125000000
67.250000000
93.125000000
20.375000000
15.875000000
7.875000000
20.000000000
30.750000000
-11.375000000
1.375000000
0.250000000
11.625000000
30.375000000
-46.500000000
30.000000000
37.375000000
-21.375000000
-57.875000000
-19.000000000
-31.375000000
24.500000000
76.125000000
-58.750000000
53.375000000
-72.000000000
-11.500000000
31.250000000
-53.375000000
70.625000000
59.375000000
52.125000000
-8.125000000
-48.250000000
24.625000000
-44.875000000
-105.125000000
-38.125000000
-3.875000000
79.750000000
24.500000000
-62.000000000
-43.375000000
58.500000000
-55.000000000
59.500000000
-47.875000000
-16.625000000
-30.250000000
-45.500000000
4.625000000
-56.125000000
22.875000000
118.625000000
-26.125000000
-27.375000000
40.125000000
1.125000000
-77.000000000
-58.625000000
-3.875000000
-4.375000000
-4.000000000
-62.000000000
-6.500000000
-47.750000000
6.875000000
-58.000000000
-32.625000000
51.625000000
-80.125000000
-100.875000000
41.375000000
-84.375000000
-119.500000000
-58.750000000
115.625000000
-28.500000000
-35.000000000
-49.750000000
-56.625000000
43.500000000
59.250000000
-95.375000000
-29.750000000
41.875000000
89.500000000
-115.875000000
26.875000000
-38.000000000
106.000000000
15.750000000
36.250000000
46.000000000
-38.375000000
31.625000000
66.000000000
-102.250000000
48.250000000
47.750000000
-76.875000000
51.000000000
-97.375000000
-30.375000000
-36.125000000
-135.625000000
67.625000000
-70.250000000
100.875000000
35.375000000
-3.375000000
88.875000000
56.750000000
28.250000000
90.375000000
24.250000000
-31.000000000
78.500000000
-33.875000000
-23.125000000
-0.250000000
41.375000000
-79.125000000
-63.125000000
-66.875000000
84.125000000
-49.875000000
47.875000000
53.750000000
39.000000000
17.875000000
43.250000000
21.375000000
94.250000000
53.250000000
32.375000000
-74.000000000
68.500000000
59.875000000
-103.375000000
-16.250000000
2.000000000
78.125000000
119.625000000
53.000000000
89.125000000
105.625000000
-14.000000000
-75.375000000
-38.625000000
13.875000000
-76.500000000
76.500000000
73.500000000
-56.375000000
60.250000000
63.500000000
-61.625000000
-96.500000000
-52.750000000
63.250000000
-30.000000000
-73.125000000
81.125000000
-53.250000000
-110.000000000
-68.875000000
51.750000000
67.125000000
102.500000000
62.000000000
-22.875000000
-25.500000000
-40.875000000
-51.000000000
-21.000000000
-102.125000000
15.375000000
-11.000000000
-27.500000000
-48.875000000
-28.875000000
84.500000000
-116.000000000
-79.875000000
-123.250000000
63.375000000
19.500000000
-29.000000000
26.875000000
42.625000000
-51.125000000
38.875000000
28.875000000
90.250000000
7.750000000
-0.500000000
-56.125000000
-88.000000000
98.000000000
-13.750000000
-64.125000000
54.750000000
-40.750000000
-13.875000000
-61.750000000
-0.625000000
13.000000000
57.125000000
17.875000000
-31.125000000
-17.375000000
78.875000000
-39.375000000
46.125000000
4.000000000
-1.625000000
66.250000000
-31.000000000
-55.125000000
-32.750000000
-39.875000000
-59.000000000
-16.000000000
43.375000000
-26.875000000
-19.875000000
29.750000000
90.875000000
81.375000000
73.750000000
-54.000000000
-85.375000000
60.875000000
-41.125000000
43.125000000
-11.000000000
13.875000000
-30.750000000
11.000000000
14.750000000
-63.750000000
1.750000000
-57.875000000
-97.375000000
78.000000000
-39.125000000
-70.250000000
-111.500000000
-77.375000000
-63.875000000
21.750000000
-93.625000000
-47.750000000
-119.875000000
-83.250000000
-78.375000000
90.500000000
-68.500000000
96.375000000
87.875000000
84.750000000
70.375000000
-45.500000000
90.250000000
43.625000000
-90.875000000
-51.250000000
-81.375000000
11.125000000
-39.000000000
-9.500000000
28.750000000
-37.750000000
-24.875000000
-36.000000000
-26.500000000
51.000000000
-53.625000000
-18.250000000
53.625000000
-50.250000000
34.500000000
-33.000000000
30.250000000
85.500000000
16.125000000
65.250000000
-45.875000000
68.000000000
-43.000000000
62.750000000
39.000000000
32.750000000
-3.625000000
84.875000000
-88.500000000
-74.875000000
-37.125000000
-58.875000000
-17.750000000
-66.375000000
-70.875000000
-27.250000000
-11.125000000
53.750000000
33.000000000
27.500000000
34.250000000
69.500000000
7.000000000
-14.000000000
27.750000000
-78.000000000
-0.625000000
-52.125000000
20.000000000
-8.125000000
31.625000000
53.000000000
56.250000000
-80.875000000
-28.125000000
-58.375000000
63.000000000
-32.750000000
-17.250000000
-89.875000000
74.125000000
-30.500000000
26.000000000
-16.625000000
24.250000000
28.375000000
-58.625000000
35.125000000
41.250000000
-0.250000000
-87.250000000
6.125000000
-93.000000000
52.375000000
16.125000000
86.875000000
39.250000000
-27.125000000
43.250000000
-76.625000000
-79.375000000
-87.875000000
-35.375000000
43.750000000
-90.375000000
72.875000000
-65.250000000
-30.750000000
51.875000000
25.125000000
60.875000000
-59.875000000
0.500000000
82.250000000
44.375000000
61.625000000
29.750000000
-75.625000000
101.625000000
53.375000000
32.625000000
96.625000000
-19.750000000
64.000000000
-49.000000000
54.000000000
4.500000000
-35.875000000
74.500000000
-72.375000000
-96.000000000
107.625000000
-57.625000000
-89.375000000
-95.375000000
-54.500000000
-58.625000000
-57.500000000
-50.875000000
41.250000000
39.125000000
-20.375000000
-43.125000000
64.500000000
50.875000000
-24.625000000
8.125000000
-109.625000000
-87.000000000
-4.250000000
-2.250000000
111.250000000
-70.625000000
-95.250000000
-68.250000000
49.750000000
-95.500000000
73.875000000
64.125000000
-27.250000000
-44.750000000
47.000000000
-101.875000000
107.000000000
124.625000000
-51.000000000
-78.625000000
75.500000000
70.750000000
38.750000000
74.375000000
-56.250000000
-30.625000000
-61.750000000
-62.250000000
-101.500000000
68.125000000
-40.500000000
32.000000000
-125.125000000
25.000000000
-109.000000000
4.750000000
21.250000000
105.750000000
-1.625000000
30.750000000
13.750000000
-3.625000000
-38.375000000
-66.750000000
66.875000000
85.125000000
-61.500000000
-106.000000000
28.125000000
21.625000000
-65.375000000
-97.500000000
63.875000000
-36.250000000
89.875000000
63.250000000
86.375000000
37.750000000
-102.000000000
-92.625000000
65.000000000
72.750000000
80.250000000
78.000000000
72.625000000
-53.500000000
-124.375000000
-92.375000000
-65.375000000
31.125000000
144.875000000
21.875000000
41.125000000
45.125000000
-33.625000000
-40.875000000
-74.500000000
-16.500000000
0.250000000
-122.125000000
76.750000000
-61.625000000
-57.125000000
-9.750000000
89.500000000
94.375000000
96.125000000
-38.500000000
-122.375000000
53.625000000
-53.625000000
85.250000000
5.500000000
-59.125000000
-43.500000000
-19.625000000
-13.000000000
100.625000000
61.875000000
78.625000000
71.375000000
87.875000000
-22.875000000
23.625000000
23.375000000
66.500000000
-77.625000000
-92.625000000
-111.750000000
-38.125000000
56.125000000
89.375000000
-2.125000000
-53.375000000
-1.625000000
5.750000000
-52.375000000
-79.750000000
-28.875000000
-15.125000000
-2.250000000
-4.125000000
60.875000000
-30.750000000
1.625000000
74.125000000
28.125000000
12.625000000
-7.000000000
-4.000000000
37.125000000
11.375000000
24.125000000
64.250000000
30.625000000
28.750000000
47.625000000
-62.500000000
-25.500000000
-122.500000000
-22.375000000
119.625000000
-79.000000000
-60.250000000
57.375000000
41.750000000
-60.250000000
-63.250000000
63.625000000
-91.500000000
44.500000000
45.750000000
37.875000000
27.875000000
-102.875000000
-5.000000000
38.000000000
-53.750000000
31.625000000
-96.250000000
-93.250000000
-65.375000000
58.375000000
-64.500000000
-91.500000000
100.750000000
-48.750000000
-94.750000000
-31.625000000
-92.375000000
-30.625000000
88.375000000
-55.625000000
-73.500000000
37.875000000
45.875000000
0.500000000
-86.000000000
51.750000000
-63.750000000
-59.500000000
51.375000000
23.875000000
-66.375000000
70.000000000
-82.000000000
123.250000000
23.000000000
77.750000000
-44.750000000
21.500000000
-85.625000000
-35.000000000
-42.625000000
-18.375000000
82.750000000
-58.250000000
-102.375000000
61.125000000
-79.125000000
79.000000000
-54.625000000
91.250000000
-38.250000000
47.000000000
-41.250000000
-57.875000000
70.875000000
71.875000000
10.875000000
49.500000000
-75.625000000
-64.625000000
45.375000000
-40.500000000
86.500000000
79.000000000
-69.625000000
-49.500000000
-79.875000000
-91.250000000
-96.500000000
-63.250000000
-80.375000000
48.500000000
20.000000000
101.375000000
42.625000000
74.250000000
-100.625000000
67.125000000
74.625000000
72.000000000
61.125000000
63.625000000
69.125000000
79.000000000
-132.500000000
-98.375000000
2.000000000
-35.750000000
-57.375000000
-18.000000000
19.500000000
28.250000000
-14.750000000
-31.625000000
-1.625000000
26.375000000
42.125000000
41.875000000
-6.500000000
59.125000000
46.125000000
24.250000000
-40.250000000
-32.250000000
22.250000000
9.375000000
20.000000000
-21.250000000
25.500000000
34.500000000
-84.750000000
4.000000000
89.000000000
57.250000000
29.750000000
-9.625000000
-132.875000000
77.375000000
40.000000000
13.875000000
67.250000000
-25.000000000
32.375000000
73.750000000
-54.500000000
-91.125000000
-88.125000000
28.500000000
60.625000000
-87.125000000
-68.500000000
-94.875000000
-92.875000000
-48.750000000
-84.250000000
110.000000000
30.250000000
94.500000000
-91.500000000
-63.000000000
-69.750000000
-53.500000000
-96.125000000
-46.125000000
5.000000000
-42.875000000
-53.000000000
56.625000000
-39.625000000
36.875000000
-67.750000000
-78.750000000
33.250000000
120.000000000
-13.750000000
-46.875000000
13.375000000
18.875000000
-96.875000000
85.500000000
-79.750000000
-47.375000000
-32.625000000
-69.625000000
59.375000000
109.500000000
49.375000000
34.250000000
79.625000000
26.250000000
16.250000000
-67.500000000
71.375000000
66.125000000
-84.375000000
95.000000000
41.250000000
-68.875000000
3.500000000
102.875000000
97.125000000
-87.875000000
77.750000000
77.500000000
-154.250000000
96.875000000
-65.500000000
-70.250000000
33.250000000
-79.250000000
-60.625000000
65.000000000
-76.125000000
-82.500000000
95.625000000
48.625000000
60.750000000
-44.250000000
65.375000000
-56.125000000
-98.500000000
-36.750000000
-77.875000000
-32.250000000
-56.250000000
-67.750000000
37.500000000
110.625000000
16.625000000
-43.375000000
66.250000000
-86.000000000
-20.750000000
51.875000000
56.875000000
-43.625000000
-55.250000000
59.125000000
-20.750000000
66.875000000
98.875000000
93.000000000
-16.625000000
-2.500000000
-39.875000000
74.375000000
-131.750000000
21.375000000
-54.125000000
-39.250000000
-52.125000000
-66.125000000
87.500000000
-45.750000000
75.250000000
-76.625000000
-112.375000000
99.875000000
0.500000000
96.375000000
69.125000000
70.500000000
86.375000000
-81.375000000
4.625000000
62.250000000
-78.125000000
-105.625000000
47.250000000
-86.625000000
120.125000000
47.375000000
-87.750000000
-56.875000000
33.375000000
72.375000000
43.875000000
-57.125000000
-8.250000000
-87.125000000
-46.250000000
62.125000000
-61.625000000
81.500000000
62.250000000
-15.000000000
-110.875000000
-34.750000000
19.000000000
-6.250000000
-28.375000000
27.375000000
-22.500000000
-12.250000000
39.250000000
119.625000000
-46.750000000
7.875000000
-23.000000000
35.625000000
-39.750000000
69.625000000
51.375000000
-23.000000000
52.875000000
-2.125000000
-101.875000000
5.500000000
51.250000000
38.375000000
63.250000000
3.875000000
-27.875000000
45.750000000
72.875000000
122.250000000
-11.625000000
-4.000000000
-70.500000000
80.875000000
-65.250000000
87.250000000
-62.875000000
-27.250000000
28.000000000
86.875000000
-76.750000000
41.500000000
-6.125000000
-47.000000000
57.750000000
60.875000000
108.250000000
-69.500000000
101.875000000
-50.375000000
-72.875000000
139.500000000
39.375000000
47.875000000
18.375000000
51.250000000
53.250000000
-119.125000000
-44.125000000
-75.000000000
39.500000000
-109.125000000
-66.750000000
-74.750000000
-80.750000000
-34.750000000
92.750000000
125.625000000
-64.000000000
-88.250000000
-73.375000000
55.875000000
30.875000000
-18.000000000
3.625000000
36.625000000
0.875000000
-19.500000000
17.375000000
-17.500000000
57.625000000
68.875000000
30.250000000
0.500000000
16.500000000
-85.625000000
-43.500000000
-27.125000000
57.500000000
-48.750000000
17.500000000
-38.875000000
45.000000000
-77.375000000
-66.000000000
-82.625000000
-37.000000000
41.875000000
4.500000000
-71.000000000
37.125000000
-37.250000000
82.750000000
-43.500000000
-85.375000000
10.875000000
77.500000000
-71.875000000
-22.875000000
-23.500000000
76.375000000
95.750000000
-26.625000000
91.625000000
-32.375000000
-63.000000000
-88.125000000
-109.000000000
-47.000000000
-35.375000000
-32.250000000
4.625000000
54.375000000
26.625000000
26.500000000
-27.625000000
37.250000000
19.500000000
21.375000000
-29.250000000
-54.875000000
-48.500000000
27.500000000
33.125000000
-13.750000000
-20.625000000
10.500000000
-14.125000000
-25.375000000
4.375000000
-19.000000000
75.875000000
-59.750000000
-6.125000000
-6.500000000
1.625000000
-61.375000000
30.375000000
-67.625000000
-57.000000000
34.000000000
0.875000000
-64.250000000
-76.625000000
-128.875000000
35.500000000
62.125000000
-40.500000000
49.000000000
-93.750000000
-78.625000000
-89.875000000
-19.750000000
-22.125000000
72.000000000
-87.000000000
71.125000000
17.500000000
15.875000000
-42.875000000
-106.375000000
-15.750000000
-56.125000000
4.375000000
-38.125000000
-52.625000000
66.875000000
88.125000000
-82.875000000
22.625000000
-26.250000000
22.875000000
22.625000000
-11.625000000
38.625000000
54.375000000
-0.625000000
-1.625000000
12.250000000
46.625000000
-66.750000000
9.500000000
12.375000000
-91.750000000
-37.125000000
-42.875000000
48.000000000
-92.750000000
84.500000000
-60.750000000
74.250000000
44.375000000
-117.125000000
-132.250000000
76.000000000
-107.625000000
-105.250000000
-74.750000000
26.125000000
59.750000000
-46.750000000
-88.875000000
-77.125000000
40.625000000
84.000000000
-87.125000000
-50.750000000
-97.500000000
-44.500000000
-101.125000000
-55.125000000
73.250000000
-91.375000000
57.375000000
-102.750000000
-45.500000000
67.500000000
58.750000000
96.500000000
65.625000000
-75.250000000
17.625000000
-5.250000000
51.750000000
-78.375000000
-54.625000000
-42.125000000
-55.625000000
-66.250000000
-78.625000000
89.625000000
-49.875000000
11.125000000
39.750000000
-104.375000000
29.125000000
-45.625000000
120.375000000
-49.375000000
63.750000000
-70.500000000
-103.000000000
-100.625000000
-74.000000000
41.500000000
-39.000000000
48.750000000
32.750000000
100.375000000
-31.000000000
60.125000000
54.500000000
37.875000000
-52.000000000
-33.500000000
43.250000000
-28.625000000
-38.500000000
-25.500000000
27.125000000
32.000000000
33.250000000
4.125000000
-6.875000000
7.625000000
-56.750000000
-124.375000000
-53.125000000
26.250000000
87.125000000
-47.375000000
-47.375000000
-116.375000000
72.125000000
-114.375000000
133.000000000
-67.875000000
-36.875000000
35.125000000
13.750000000
-8.125000000
9.375000000
-61.750000000
78.125000000
27.125000000
39.875000000
97.125000000
58.000000000
-6.500000000
16.125000000
-69.750000000
-23.000000000
-50.250000000
-121.000000000
21.750000000
-87.250000000
122.875000000
50.125000000
76.000000000
-11.625000000
-33.375000000
26.750000000
89.750000000
40.375000000
96.125000000
26.750000000
37.000000000
-72.500000000
-118.625000000
-50.375000000
-23.125000000
23.625000000
4.250000000
-46.625000000
-67.875000000
40.375000000
-25.500000000
-46.500000000
85.500000000
-85.625000000
39.625000000
1.375000000
15.125000000
-44.250000000
-102.250000000
55.500000000
-43.000000000
-88.250000000
-37.500000000
7.000000000
57.250000000
-67.875000000
36.125000000
50.875000000
-19.000000000
18.500000000
-100.875000000
26.125000000
97.125000000
18.750000000
40.375000000
28.625000000
-54.375000000
11.625000000
-48.625000000
25.375000000
82.000000000
54.000000000
-72.750000000
67.500000000
-74.500000000
44.375000000
-26.375000000
-56.250000000
78.875000000
113.500000000
-67.750000000
-58.625000000
58.750000000
-20.125000000
-69.625000000
48.250000000
-20.500000000
-72.875000000
66.875000000
-13.875000000
77.750000000
42.875000000
25.625000000
-136.375000000
-28.750000000
41.250000000
61.250000000
62.875000000
-70.500000000
123.875000000
57.500000000
-106.375000000
-34.000000000
57.500000000
79.375000000
50.750000000
-99.750000000
51.375000000
54.250000000
-23.125000000
3.000000000
-76.250000000
84.625000000
-4.250000000
7.125000000
44.625000000
-120.625000000
-6.750000000
-5.500000000
-31.125000000
-20.625000000
0.875000000
-83.125000000
60.375000000
33.125000000
-48.375000000
-45.250000000
15.750000000
-57.500000000
-65.875000000
24.500000000
12.500000000
12.625000000
74.250000000
24.000000000
17.250000000
-24.875000000
29.500000000
63.375000000
-17.750000000
106.750000000
-66.500000000
-17.625000000
3.125000000
49.375000000
40.875000000
-31.625000000
-66.500000000
-58.875000000
-97.875000000
-24.125000000
-59.250000000
147.750000000
-96.125000000
77.750000000
50.875000000
-79.625000000
21.250000000
99.625000000
-66.875000000
26.500000000
-33.625000000
31.125000000
82.625000000
-43.000000000
72.500000000
-62.000000000
67.625000000
92.000000000
102.500000000
-46.750000000
-67.750000000
48.625000000
26.375000000
22.250000000
-99.250000000
60.500000000
-19.250000000
38.625000000
81.875000000
16.625000000
86.000000000
29.000000000
71.250000000
-40.250000000
7.625000000
-52.125000000
77.500000000
32.750000000
-80.625000000
46.500000000
-80.875000000
-32.500000000
77.125000000
-35.750000000
-57.250000000
56.625000000
-61.000000000
77.250000000
-5.000000000
40.000000000
62.375000000
21.375000000
61.375000000
6.750000000
-82.875000000
69.875000000
56.750000000
-11.875000000
-83.625000000
-74.500000000
-56.875000000
-61.625000000
-61.500000000
-45.375000000
81.625000000
-56.125000000
11.875000000
22.750000000
30.750000000
52.000000000
-67.750000000
-80.625000000
19.500000000
-39.875000000
-46.750000000
7.875000000
118.875000000
-47.875000000
37.750000000
54.500000000
11.000000000
-65.250000000
-0.625000000
-35.250000000
87.375000000
-8.250000000
27.875000000
-41.250000000
43.125000000
-61.500000000
74.250000000
-31.500000000
-5.250000000
34.750000000
-50.500000000
-32.875000000
24.500000000
-47.500000000
-27.250000000
-0.875000000
25.125000000
1.250000000
-43.500000000
15.375000000
21.750000000
11.000000000
-34.250000000
35.625000000
-30.625000000
54.125000000
-47.375000000
55.500000000
-50.500000000
-9.125000000
-79.250000000
37.750000000
36.125000000
24.625000000
-86.875000000
31.875000000
-18.000000000
-43.375000000
-27.250000000
57.125000000
-141.750000000
-76.875000000
-60.625000000
-54.000000000
-36.875000000
64.875000000
-57.375000000
29.000000000
13.125000000
-51.375000000
64.375000000
-29.500000000
1.375000000
84.875000000
-39.000000000
-96.250000000
-144.625000000
88.125000000
15.000000000
104.125000000
-49.000000000
80.500000000
66.875000000
-56.500000000
66.250000000
84.750000000
-55.500000000
95.375000000
-51.750000000
-103.000000000
-117.125000000
-81.750000000
-137.875000000
128.250000000
78.875000000
-116.375000000
-58.375000000
48.125000000
-83.000000000
-78.000000000
-52.500000000
49.250000000
120.000000000
-56.875000000
-30.375000000
66.875000000
56.625000000
-48.000000000
-64.625000000
91.125000000
85.375000000
67.500000000
-117.875000000
46.000000000
-73.375000000
80.125000000
55.000000000
5.750000000
90.750000000
-8.125000000
-141.375000000
80.375000000
-39.625000000
-18.375000000
35.875000000
115.500000000
-15.125000000
-87.750000000
66.500000000
17.500000000
-13.750000000
10.250000000
76.000000000
67.375000000
-109.625000000
22.250000000
-9.750000000
84.375000000
34.500000000
-13.750000000
98.125000000
100.375000000
-99.625000000
-64.125000000
21.000000000
-49.500000000
-67.125000000
124.375000000
46.750000000
95.250000000
64.125000000
62.500000000
-55.125000000
-135.125000000
49.500000000
-64.625000000
-88.250000000
-89.375000000
-70.125000000
95.875000000
15.750000000
-91.750000000
111.000000000
5.375000000
22.250000000
-21.625000000
93.375000000
80.125000000
-95.375000000
23.625000000
-86.500000000
94.625000000
37.375000000
-94.375000000
-44.000000000
-71.875000000
-67.625000000
-22.250000000
-128.875000000
-75.875000000
-4.625000000
63.250000000
-55.250000000
-38.500000000
52.750000000
-86.375000000
32.125000000
70.625000000
-7.750000000
58.375000000
-79.250000000
69.500000000
66.500000000
18.125000000
-60.250000000
-74.375000000
60.375000000
10.125000000
-88.125000000
-36.875000000
59.250000000
36.375000000
-65.500000000
-36.375000000
-39.750000000
-86.125000000
-38.875000000
99.250000000
17.750000000
-29.000000000
-31.875000000
102.875000000
-45.250000000
12.250000000
105.500000000
44.375000000
-88.500000000
-67.625000000
-75.750000000
-113.500000000
-27.500000000
80.625000000
103.375000000
-38.000000000
70.000000000
53.500000000
52.500000000
-72.375000000
117.625000000
-33.875000000
41.000000000
-75.750000000
84.500000000
-47.250000000
-146.125000000
40.500000000
-94.500000000
-42.750000000
-28.000000000
-118.750000000
-105.250000000
-55.125000000
-36.375000000
-77.500000000
152.250000000
27.000000000
-103.500000000
-72.875000000
71.625000000
76.625000000
25.375000000
-65.125000000
96.500000000
-30.125000000
-8.125000000
45.375000000
-58.500000000
-93.875000000
-39.000000000
-67.250000000
6.750000000
58.375000000
-52.000000000
-51.250000000
53.000000000
-111.375000000
136.375000000
-70.500000000
-42.250000000
13.000000000
56.000000000
41.750000000
112.250000000
-62.125000000
67.500000000
-77.250000000
60.625000000
69.000000000
-63.625000000
58.875000000
34.250000000
19.750000000
80.375000000
-70.625000000
-6.125000000
56.875000000
65.250000000
35.875000000
-30.750000000
-76.250000000
-20.000000000
-67.625000000
31.625000000
33.125000000
10.375000000
-18.750000000
73.500000000
-61.375000000
-68.000000000
100.000000000
32.000000000
74.875000000
-44.375000000
-51.875000000
88.125000000
55.375000000
-90.000000000
46.750000000
-11.625000000
-40.750000000
32.750000000
87.625000000
59.125000000
11.750000000
-56.125000000
-89.750000000
-3.625000000
19.000000000
-112.250000000
-40.875000000
-33.375000000
33.875000000
53.125000000
42.375000000
43.375000000
-2.625000000
36.625000000
-144.000000000
-57.750000000
62.000000000
29.250000000
68.500000000
-42.000000000
55.250000000
-4.250000000
52.250000000
62.375000000
-74.375000000
-27.875000000
81.375000000
-48.625000000
-78.500000000
-62.375000000
-86.750000000
-115.125000000
23.500000000
42.750000000
-111.500000000
46.625000000
95.375000000
-17.500000000
46.375000000
-20.375000000
-126.500000000
29.500000000
-46.500000000
-26.750000000
-89.125000000
-61.000000000
-31.625000000
53.250000000
50.875000000
-67.500000000
-62.625000000
35.625000000
-86.250000000
77.375000000
-64.000000000
-68.625000000
-77.750000000
-80.250000000
5.500000000
-22.125000000
-65.250000000
25.500000000
103.625000000
124.375000000
-99.125000000
-44.250000000
-9.250000000
-45.000000000
-73.250000000
-79.000000000
13.875000000
54.750000000
-77.500000000
77.875000000
33.000000000
-37.125000000
-75.125000000
32.875000000
54.250000000
-52.000000000
-60.750000000
0.125000000
-76.250000000
-69.250000000
-50.000000000
25.750000000
41.500000000
66.250000000
-76.250000000
-118.875000000
-40.250000000
47.375000000
72.875000000
-63.750000000
62.250000000
35.875000000
-111.375000000
-59.000000000
-64.750000000
130.500000000
-46.250000000
-51.250000000
22.750000000
-57.500000000
10.500000000
110.125000000
-86.125000000
-100.875000000
-51.125000000
-71.875000000
-40.875000000
-63.000000000
44.625000000
47.875000000
-103.125000000
-4.125000000
-6.875000000
7.500000000
41.625000000
57.000000000
19.500000000
10.500000000
-101.875000000
115.375000000
15.000000000
30.625000000
37.750000000
72.750000000
-42.750000000
-76.000000000
67.750000000
97.250000000
70.000000000
64.625000000
8.250000000
-22.250000000
2.500000000
77.875000000
-59.750000000
12.375000000
69.750000000
-102.750000000
50.625000000
69.625000000
68.125000000
-32.375000000
31.625000000
40.750000000
-16.375000000
-9.750000000
-2.500000000
4.625000000
28.625000000
-2.500000000
-59.000000000
17.125000000
24.875000000
-4.375000000
3.000000000
2.625000000
-39.625000000
-28.125000000
61.375000000
-99.500000000
87.500000000
29.000000000
-50.000000000
-50.500000000
1.625000000
86.875000000
-72.125000000
-58.875000000
-52.250000000
-95.875000000
-57.000000000
41.375000000
4.625000000
33.625000000
-43.500000000
-32.375000000
27.000000000
62.625000000
-61.500000000
-1.250000000
-35.500000000
52.875000000
-63.875000000
49.125000000
-28.250000000
27.875000000
-27.625000000
5.500000000
-30.000000000
-31.125000000
26.750000000
19.000000000
-34.500000000
-15.875000000
19.125000000
-66.250000000
-8.500000000
-22.375000000
-76.875000000
23.250000000
-66.125000000
-30.375000000
61.375000000
82.750000000
-1.250000000
-38.875000000
-23.875000000
36.625000000
28.125000000
53.125000000
51.375000000
-71.125000000
-33.000000000
11.875000000
-37.250000000
-24.250000000
73.750000000
-100.375000000
55.000000000
-10.375000000
-104.125000000
1.750000000
-11.875000000
-53.000000000
26.750000000
-36.125000000
-4.250000000
62.875000000
40.250000000
36.750000000
-28.125000000
14.875000000
44.125000000
44.750000000
-63.625000000
42.250000000
108.250000000
20.000000000
28.375000000
82.875000000
-58.750000000
-90.000000000
-92.875000000
24.750000000
-78.625000000
-47.875000000
15.125000000
96.375000000
-50.000000000
-37.750000000
-9.625000000
7.125000000
27.375000000
35.500000000
87.625000000
54.875000000
-76.875000000
16.000000000
-47.000000000
-26.750000000
-98.625000000
25.375000000
-59.250000000
-16.625000000
-104.500000000
2.500000000
38.125000000
-34.250000000
24.750000000
-9.875000000
100.875000000
113.625000000
-31.000000000
37.750000000
-26.625000000
-11.625000000
88.500000000
-91.250000000
34.125000000
-31.000000000
-57.625000000
-106.625000000
84.125000000
-60.625000000
-72.875000000
52.375000000
-41.125000000
-7.875000000
-72.000000000
3.375000000
-79.125000000
-87.125000000
-27.250000000
62.875000000
-36.500000000
94.250000000
-81.000000000
72.875000000
-111.000000000
56.625000000
-78.875000000
76.000000000
-5.625000000
95.500000000
91.500000000
40.000000000
60.000000000
-81.375000000
87.250000000
-114.875000000
-46.625000000
-25.250000000
-88.000000000
-84.875000000
101.375000000
68.250000000
94.625000000
-95.625000000
56.500000000
107.000000000
41.375000000
77.000000000
93.250000000
-14.500000000
81.125000000
-27.250000000
-61.875000000
-40.500000000
-35.875000000
-19.000000000
80.875000000
7.875000000
17.250000000
-71.625000000
78.125000000
15.125000000
-25.125000000
-0.500000000
8.875000000
-43.125000000
80.875000000
-53.875000000
-30.750000000
51.375000000
83.875000000
-43.375000000
29.750000000
-25.375000000
-22.500000000
-19.875000000
65.750000000
-76.875000000
40.375000000
-93.625000000
69.375000000
-67.500000000
-28.500000000
-51.125000000
-49.625000000
-74.375000000
58.375000000
19.125000000
34.625000000
-33.875000000
5.875000000
80.625000000
34.500000000
38.000000000
-23.500000000
-22.875000000
43.625000000
12.250000000
28.125000000
-40.750000000
-19.000000000
63.000000000
35.250000000
43.375000000
-58.000000000
-77.875000000
7.500000000
51.625000000
37.125000000
-23.875000000
60.375000000
-69.000000000
7.625000000
29.750000000
15.125000000
53.750000000
-93.125000000
76.125000000
-4.375000000
-46.375000000
-56.000000000
-16.500000000
-56.000000000
-110.000000000
-68.750000000
-60.750000000
82.500000000
-61.625000000
66.125000000
-75.125000000
-28.000000000
-15.125000000
-68.375000000
83.000000000
-12.875000000
-45.875000000
85.125000000
95.125000000
-8.375000000
-82.625000000
37.500000000
16.250000000
-86.750000000
-67.750000000
19.125000000
78.375000000
76.250000000
69.125000000
56.875000000
75.125000000
-30.625000000
-40.500000000
-121.125000000
-52.125000000
-60.000000000
62.000000000
32.125000000
51.250000000
20.750000000
-15.000000000
50.375000000
9.000000000
2.125000000
-21.375000000
4.625000000
-26.500000000
77.250000000
44.500000000
62.125000000
121.875000000
57.375000000
-43.125000000
-99.875000000
-19.000000000
-68.125000000
-63.375000000
-61.250000000
59.375000000
-60.125000000
-102.750000000
46.750000000
-14.125000000
-21.625000000
30.250000000
-95.000000000
32.375000000
-57.750000000
-29.125000000
83.500000000
-22.625000000
-39.250000000
23.125000000
-98.000000000
-71.625000000
96.250000000
-67.125000000
-63.125000000
26.625000000
47.250000000
-80.500000000
18.000000000
35.625000000
-59.375000000
23.625000000
106.000000000
-54.125000000
-51.250000000
11.000000000
-0.875000000
-51.000000000
22.875000000
116.250000000
113.375000000
-54.875000000
100.125000000
35.125000000
-72.375000000
45.500000000
81.500000000
-63.375000000
-75.375000000
-104.125000000
-45.000000000
49.500000000
73.750000000
24.250000000
-5.500000000
3.875000000
-74.500000000
94.000000000
-21.250000000
55.750000000
10.875000000
9.375000000
78.500000000
-20.000000000
64.125000000
19.125000000
26.000000000
-21.375000000
81.000000000
1.375000000
-75.375000000
40.375000000
-117.875000000
71.250000000
-78.375000000
-38.000000000
-15.625000000
-79.000000000
98.125000000
75.250000000
-79.500000000
-98.000000000
41.875000000
-130.250000000
-14.750000000
126.375000000
28.000000000
-94.750000000
77.625000000
69.125000000
-6.500000000
-81.000000000
-43.625000000
-94.000000000
9.375000000
26.250000000
-35.875000000
-18.250000000
-14.750000000
54.250000000
40.500000000
-24.875000000
73.250000000
-18.000000000
-65.125000000
-23.000000000
45.875000000
-60.750000000
-40.375000000
101.000000000
97.625000000
89.875000000
89.875000000
51.000000000
-83.125000000
77.625000000
104.750000000
-65.000000000
-33.250000000
-72.125000000
-17.375000000
-70.250000000
50.250000000
20.625000000
64.750000000
-68.875000000
-82.875000000
-90.875000000
-91.875000000
-76.875000000
45.500000000
3.250000000
53.625000000
76.000000000
-4.625000000
-64.000000000
91.625000000
-92.000000000
-62.500000000
38.625000000
38.750000000
-49.250000000
-69.625000000
22.000000000
56.750000000
26.750000000
-32.500000000
84.750000000
-32.625000000
-10.125000000
-73.875000000
-11.250000000
-89.125000000
-62.375000000
40.500000000
17.500000000
15.750000000
-19.125000000
-14.250000000
-38.250000000
7.750000000
27.000000000
54.625000000
36.625000000
-7.500000000
-50.000000000
24.250000000
14.125000000
-66.875000000
-34.000000000
79.750000000
-22.875000000
31.875000000
43.375000000
-25.250000000
-4.750000000
14.125000000
17.625000000
-92.500000000
57.625000000
-32.375000000
-56.125000000
16.375000000
-23.125000000
17.000000000
74.875000000
67.375000000
45.750000000
-29.875000000
-71.000000000
68.625000000
-64.875000000
17.500000000
-42.375000000
-41.625000000
91.875000000
74.500000000
80.250000000
-50.625000000
39.125000000
-39.625000000
110.125000000
-63.500000000
-96.875000000
14.875000000
-38.000000000
-56.625000000
125.000000000
-46.250000000
51.000000000
95.875000000
63.375000000
101.125000000
-99.625000000
-85.750000000
-112.500000000
65.625000000
-37.125000000
-40.000000000
-18.875000000
-50.500000000
-27.250000000
80.875000000
81.125000000
24.125000000
-8.375000000
-56.750000000
76.250000000
-23.125000000
9.125000000
30.375000000
-18.250000000
90.750000000
83.000000000
51.125000000
-110.125000000
46.625000000
-33.750000000
93.750000000
29.625000000
54.250000000
18.125000000
1.625000000
37.625000000
50.375000000
-77.500000000
-79.750000000
70.500000000
-23.625000000
-15.750000000
-19.750000000
37.875000000
31.750000000
13.375000000
-35.625000000
68.750000000
0.625000000
62.375000000
125.250000000
-93.875000000
57.250000000
-71.500000000
-11.000000000
32.375000000
-45.500000000
35.000000000
66.750000000
-99.375000000
55.875000000
-51.250000000
69.000000000
57.875000000
47.500000000
64.250000000
102.875000000
-11.375000000
17.875000000
-40.000000000
-70.625000000
-24.500000000
-102.750000000
68.250000000
42.625000000
-55.875000000
-85.625000000
-8.250000000
52.125000000
71.625000000
-45.375000000
-14.000000000
-88.500000000
116.875000000
100.875000000
-55.250000000
-31.125000000
76.000000000
73.750000000
21.750000000
27.125000000
-34.875000000
77.875000000
-15.875000000
51.000000000
-64.500000000
-51.125000000
48.250000000
93.375000000
36.750000000
-63.625000000
-35.125000000
-13.500000000
35.125000000
-19.875000000
87.625000000
85.125000000
15.750000000
-47.125000000
62.375000000
-93.625000000
-55.250000000
92.625000000
96.500000000
-39.625000000
55.500000000
-20.625000000
79.875000000
-30.500000000
-36.750000000
-46.500000000
-86.375000000
61.375000000
30.750000000
-99.625000000
-43.500000000
26.625000000
5.875000000
18.500000000
7.750000000
-35.625000000
53.750000000
-24.375000000
32.875000000
32.000000000
-15.375000000
50.375000000
40.750000000
30.875000000
36.875000000
56.500000000
-24.500000000
69.750000000
-36.250000000
-41.250000000
9.375000000
-37.500000000
19.000000000
-55.125000000
-56.125000000
13.125000000
91.125000000
69.125000000
70.125000000
40.875000000
-35.500000000
-49.250000000
-71.000000000
-46.750000000
-58.750000000
-103.250000000
-25.125000000
38.000000000
76.500000000
-85.625000000
-64.125000000
85.500000000
45.125000000
43.750000000
104.875000000
-87.875000000
-5.250000000
-41.375000000
-44.750000000
-64.375000000
89.250000000
60.875000000
-49.625000000
-35.125000000
-40.250000000
32.875000000
-60.125000000
-6.125000000
14.375000000
-45.000000000
-57.000000000
77.875000000
-0.875000000
-30.000000000
-39.250000000
-38.375000000
72.125000000
51.875000000
82.250000000
-70.125000000
65.875000000
-3.625000000
4.375000000
-37.750000000
34.625000000
13.250000000
-25.125000000
54.125000000
-17.500000000
109.625000000
86.000000000
-34.250000000
35.875000000
86.000000000
0.500000000
-43.375000000
-76.625000000
14.000000000
-42.625000000
-85.000000000
-56.000000000
-35.875000000
-15.625000000
-21.000000000
-89.875000000
-3.250000000
38.000000000
-7.500000000
60.750000000
16.125000000
-75.375000000
102.750000000
-38.875000000
-66.500000000
-52.000000000
77.125000000
50.500000000
23.625000000
21.875000000
-40.750000000
-116.125000000
79.500000000
-27.000000000
-51.500000000
38.375000000
-64.500000000
-8.375000000
-29.750000000
18.875000000
-31.250000000
-8.125000000
19.750000000
-17.750000000
-23.000000000
50.625000000
-13.000000000
-0.500000000
11.750000000
-17.625000000
3.625000000
31.375000000
-21.750000000
-56.500000000
18.125000000
25.000000000
12.500000000
-37.125000000
-15.375000000
-21.875000000
-22.000000000
-21.125000000
61.375000000
62.250000000
73.875000000
111.000000000
19.375000000
-23.250000000
-19.000000000
28.250000000
52.000000000
-87.250000000
-13.125000000
12.125000000
-13.750000000
108.000000000
0.250000000
-4.250000000
11.000000000
-7.875000000
-2.000000000
-1.625000000
-61.875000000
-24.250000000
55.500000000
105.875000000
26.750000000
43.375000000
-56.500000000
-12.500000000
-52.750000000
13.750000000
65.625000000
6.500000000
87.625000000
52.875000000
-5.500000000
-8.375000000
-39.125000000
-1.375000000
-55.250000000
69.750000000
38.375000000
-62.375000000
6.500000000
42.000000000
-47.375000000
61.375000000
-51.625000000
-16.375000000
54.125000000
55.875000000
101.875000000
10.500000000
38.750000000
-36.000000000
71.625000000
97.750000000
108.375000000
116.875000000
-113.500000000
-50.500000000
-55.750000000
-102.500000000
65.000000000
-56.125000000
-150.625000000
90.625000000
80.625000000
14.250000000
14.500000000
-73.500000000
-75.500000000
-23.125000000
27.500000000
84.750000000
-67.875000000
-18.250000000
6.375000000
85.750000000
-35.500000000
65.625000000
63.375000000
-65.875000000
56.375000000
38.750000000
15.750000000
53.125000000
-35.500000000
-46.500000000
73.250000000
9.625000000
2.625000000
-1.500000000
-83.750000000
36.875000000
50.000000000
-56.375000000
-82.375000000
-30.250000000
-49.875000000
23.000000000
-46.125000000
-39.375000000
52.500000000
52.875000000
64.375000000
-35.750000000
-18.625000000
-90.875000000
-51.000000000
-28.375000000
-13.000000000
-61.750000000
55.000000000
65.625000000
-42.750000000
-53.750000000
-93.000000000
28.000000000
50.125000000
-68.375000000
-31.375000000
97.625000000
63.375000000
104.625000000
46.625000000
-26.375000000
51.375000000
83.125000000
-74.500000000
66.750000000
27.375000000
60.000000000
-127.250000000
81.125000000
-38.625000000
-69.750000000
24.875000000
63.875000000
99.375000000
46.125000000
-28.750000000
37.875000000
88.125000000
33.500000000
-48.750000000
49.500000000
-4.375000000
-18.000000000
-95.250000000
32.625000000
50.625000000
37.000000000
82.375000000
54.125000000
-34.500000000
-57.000000000
32.500000000
18.000000000
-16.125000000
58.000000000
-26.500000000
47.750000000
4.625000000
9.375000000
-34.250000000
50.000000000
74.375000000
87.625000000
-108.250000000
15.125000000
-6.125000000
-95.000000000
117.875000000
-81.000000000
56.375000000
45.875000000
-136.375000000
-84.625000000
-64.500000000
-55.250000000
-65.250000000
106.125000000
-53.250000000
-50.875000000
-93.625000000
39.750000000
-98.000000000
54.125000000
-66.875000000
-88.500000000
95.250000000
-55.625000000
34.125000000
98.750000000
15.875000000
-66.500000000
-91.375000000
11.750000000
53.000000000
-34.250000000
-20.125000000
21.375000000
47.625000000
56.125000000
-22.250000000
-42.500000000
44.250000000
42.875000000
-14.500000000
4.000000000
74.500000000
108.000000000
-74.875000000
-68.500000000
-16.375000000
-45.500000000
-71.625000000
20.625000000
-1.125000000
-5.000000000
-75.875000000
74.000000000
-60.875000000
46.250000000
39.750000000
42.625000000
64.625000000
-0.500000000
38.875000000
-70.000000000
-22.750000000
-55.125000000
-76.875000000
-0.875000000
25.375000000
40.750000000
25.375000000
-40.250000000
6.875000000
-39.250000000
-5.250000000
55.125000000
19.125000000
-40.250000000
5.000000000
40.000000000
-24.500000000
63.250000000
74.625000000
-96.250000000
-20.125000000
-39.375000000
-21.250000000
26.875000000
22.375000000
-79.000000000
-19.750000000
-48.625000000
-20.250000000
-53.750000000
-49.750000000
-67.250000000
-46.250000000
-53.125000000
70.750000000
-30.875000000
55.125000000
74.375000000
-64.875000000
1.250000000
39.375000000
3.875000000
-75.875000000
32.875000000
-4.250000000
-55.375000000
-63.500000000
-9.125000000
61.625000000
-106.125000000
83.000000000
126.000000000
11.125000000
-16.625000000
75.500000000
69.000000000
81.125000000
-68.500000000
27.750000000
-7.625000000
33.750000000
-27.375000000
64.000000000
39.125000000
-32.625000000
37.625000000
-107.375000000
101.875000000
-12.250000000
21.875000000
6.750000000
-99.625000000
-95.250000000
-71.250000000
32.875000000
-19.375000000
-60.875000000
-53.125000000
-18.000000000
-88.000000000
-89.625000000
-33.250000000
-24.000000000
-17.625000000
-119.625000000
-56.750000000
-90.750000000
66.750000000
-62.875000000
67.250000000
-118.750000000
-141.125000000
59.250000000
-52.375000000
64.750000000
19.125000000
24.625000000
-27.125000000
-56.000000000
-85.375000000
54.625000000
-16.375000000
-81.500000000
20.250000000
-13.000000000
-72.000000000
-48.250000000
31.250000000
68.375000000
41.375000000
-11.125000000
63.500000000
16.000000000
65.625000000
-20.750000000
37.875000000
-96.375000000
40.875000000
27.750000000
-23.250000000
5.625000000
-27.125000000
-22.000000000
42.625000000
66.125000000
-72.000000000
-12.875000000
23.000000000
30.250000000
-28.125000000
54.250000000
-27.875000000
79.375000000
-23.500000000
44.250000000
-37.375000000
-29.625000000
48.625000000
54.750000000
11.375000000
7.500000000
53.125000000
64.875000000
-95.500000000
-32.625000000
-80.125000000
-10.375000000
-45.375000000
65.625000000
56.375000000
18.000000000
37.500000000
59.500000000
-50.625000000
-26.875000000
-72.250000000
-66.000000000
109.375000000
98.750000000
76.625000000
-53.875000000
59.375000000
-81.500000000
43.250000000
98.375000000
-105.875000000
28.000000000
34.875000000
-88.500000000
54.125000000
-91.875000000
-60.125000000
-8.375000000
9.500000000
97.500000000
3.625000000
34.125000000
100.375000000
57.250000000
0.125000000
-63.000000000
70.625000000
50.750000000
-39.250000000
66.750000000
4.000000000
35.250000000
77.375000000
60.000000000
-82.625000000
53.375000000
31.750000000
-64.750000000
52.500000000
23.000000000
-25.500000000
49.375000000
-53.500000000
-48.500000000
-9.875000000
-37.875000000
-37.000000000
-27.625000000
46.125000000
7.625000000
-105.750000000
-56.750000000
-4.750000000
-9.875000000
38.375000000
-49.625000000
72.500000000
-43.125000000
51.875000000
102.875000000
93.125000000
-69.500000000
79.750000000
98.000000000
-95.625000000
10.500000000
-46.375000000
-55.500000000
117.750000000
132.750000000
-57.250000000
42.625000000
-30.375000000
-139.875000000
-40.250000000
87.250000000
-12.250000000
81.375000000
114.250000000
63.750000000
52.500000000
-55.625000000
47.250000000
-51.875000000
-71.000000000
43.125000000
-40.875000000
-77.000000000
59.375000000
-109.875000000
-22.750000000
-54.125000000
-110.125000000
58.500000000
-36.875000000
-89.875000000
4.250000000
-82.125000000
59.500000000
-20.625000000
17.875000000
-62.375000000
40.000000000
56.500000000
17.375000000
114.000000000
49.125000000
-37.250000000
-78.250000000
-5.250000000
46.875000000
-55.250000000
104.625000000
104.500000000
-38.625000000
7.000000000
15.750000000
34.500000000
-33.750000000
-78.000000000
27.750000000
-26.500000000
46.625000000
-33.375000000
-52.000000000
-63.875000000
93.500000000
69.500000000
72.375000000
74.750000000
-19.375000000
63.500000000
-38.375000000
-7.625000000
-19.750000000
-131.375000000
39.750000000
64.375000000
-22.625000000
-46.375000000
-56.500000000
-103.750000000
-44.750000000
-25.625000000
-6.125000000
-40.625000000
-7.625000000
-9.500000000
-68.750000000
52.625000000
66.625000000
-115.625000000
-62.250000000
-35.125000000
-27.250000000
73.875000000
-71.250000000
75.000000000
-59.875000000
92.750000000
26.125000000
-124.375000000
42.000000000
-78.875000000
64.750000000
-54.000000000
65.500000000
-42.000000000
-38.625000000
52.250000000
32.000000000
62.125000000
77.375000000
-150.000000000
79.375000000
-74.625000000
60.750000000
-84.500000000
-114.875000000
-105.375000000
-82.750000000
50.375000000
97.750000000
-87.750000000
58.750000000
56.125000000
-35.125000000
67.625000000
36.500000000
94.500000000
-107.000000000
36.000000000
-73.625000000
57.875000000
37.625000000
44.875000000
-58.625000000
-56.125000000
69.750000000
-18.250000000
9.125000000
-58.000000000
-54.375000000
27.125000000
65.875000000
35.875000000
44.000000000
-74.625000000
25.375000000
-3.000000000
67.500000000
81.125000000
-55.875000000
44.625000000
-88.000000000
-119.375000000
-51.375000000
-78.875000000
-63.875000000
26.250000000
22.000000000
81.000000000
-116.875000000
-20.875000000
-130.625000000
-10.125000000
-4.000000000
86.250000000
-127.750000000
-15.125000000
-24.000000000
30.375000000
-15.750000000
-41.000000000
-66.750000000
-29.750000000
104.625000000
-108.000000000
74.875000000
-114.125000000
43.375000000
-22.875000000
102.250000000
101.375000000
117.000000000
87.875000000
54.250000000
55.875000000
-51.000000000
0.250000000
-40.875000000
59.250000000
-16.625000000
-68.125000000
23.875000000
46.250000000
64.875000000
45.500000000
68.000000000
26.500000000
-35.750000000
-124.500000000
-63.500000000
-94.375000000
79.125000000
5.000000000
45.875000000
39.375000000
-87.125000000
-2.625000000
-21.125000000
41.750000000
-27.250000000
41.750000000
-55.500000000
-89.500000000
40.750000000
84.250000000
-52.125000000
-28.750000000
70.500000000
-66.500000000
-16.750000000
115.125000000
-101.125000000
72.750000000
-41.500000000
89.500000000
-70.500000000
66.125000000
-46.125000000
-0.750000000
-17.375000000
5.500000000
-34.500000000
-70.125000000
25.000000000
-32.375000000
-85.000000000
-82.625000000
-10.125000000
-4.625000000
35.250000000
-42.750000000
54.625000000
-15.000000000
-83.750000000
43.875000000
-21.875000000
-39.625000000
25.375000000
70.250000000
-104.625000000
42.875000000
52.125000000
-137.625000000
53.125000000
60.000000000
-52.125000000
-12.125000000
40.250000000
-67.125000000
-18.625000000
-47.875000000
40.250000000
-6.875000000
-39.750000000
56.125000000
-13.750000000
-31.625000000
-37.000000000
-41.500000000
74.875000000
-46.625000000
17.750000000
29.250000000
-115.375000000
68.125000000
41.875000000
49.625000000
-65.875000000
-32.625000000
24.500000000
53.750000000
-99.750000000
-67.875000000
-59.375000000
-87.375000000
-63.500000000
-26.250000000
-64.375000000
28.250000000
26.000000000
70.000000000
121.750000000
-32.875000000
21.875000000
40.250000000
96.875000000
2.250000000
-41.125000000
-93.125000000
-121.250000000
-11.750000000
-110.375000000
9.125000000
-22.250000000
-116.000000000
-93.625000000
-63.625000000
1.625000000
95.375000000
-64.625000000
58.750000000
62.000000000
-19.125000000
76.500000000
94.625000000
32.875000000
-73.250000000
-64.125000000
-63.000000000
64.500000000
-85.500000000
-43.375000000
52.500000000
35.875000000
-29.500000000
-40.125000000
67.000000000
-110.500000000
-59.125000000
-23.125000000
-75.750000000
72.875000000
89.875000000
69.000000000
-50.000000000
-87.625000000
-74.125000000
-54.500000000
-126.750000000
16.000000000
-57.500000000
-55.375000000
113.125000000
-21.625000000
61.750000000
13.125000000
132.125000000
110.625000000
0.875000000
-108.375000000
35.125000000
59.750000000
-45.250000000
-43.750000000
32.875000000
-3.000000000
-85.000000000
69.500000000
50.625000000
-110.625000000
39.875000000
52.500000000
-55.375000000
32.000000000
54.125000000
52.375000000
49.125000000
39.375000000
-52.250000000
-136.125000000
19.500000000
40.250000000
116.625000000
46.625000000
42.125000000
55.000000000
-52.000000000
-65.625000000
-93.125000000
48.250000000
-41.250000000
-14.125000000
-62.375000000
42.375000000
2.500000000
28.625000000
40.250000000
-84.500000000
-86.625000000
-1.250000000
-91.625000000
76.750000000
-62.875000000
-31.625000000
48.500000000
-86.750000000
-39.000000000
52.500000000
-44.750000000
37.125000000
26.875000000
92.375000000
96.875000000
89.750000000
-19.000000000
66.250000000
-17.875000000
-56.875000000
-26.000000000
-37.000000000
-21.250000000
80.875000000
11.250000000
-24.000000000
76.625000000
-4.250000000
65.750000000
-97.500000000
-20.250000000
43.000000000
89.875000000
-61.875000000
-82.625000000
84.750000000
63.500000000
49.125000000
-67.125000000
32.875000000
42.625000000
56.625000000
108.250000000
-71.875000000
-18.375000000
18.000000000
41.500000000
-59.000000000
-80.875000000
97.875000000
-38.625000000
-34.625000000
-8.250000000
29.875000000
-23.500000000
97.875000000
-6.125000000
-48.250000000
2.500000000
-15.750000000
7.625000000
-64.625000000
8.625000000
12.250000000
-30.750000000
20.250000000
36.875000000
-27.125000000
-70.625000000
-27.125000000
67.750000000
97.375000000
29.750000000
27.875000000
95.875000000
14.875000000
-29.875000000
90.250000000
-28.000000000
48.000000000
97.875000000
-8.250000000
-43.125000000
41.625000000
23.000000000
12.125000000
-3.250000000
-4.500000000
-9.375000000
23.000000000
15.500000000
63.750000000
62.125000000
6.875000000
-46.750000000
-64.125000000
30.250000000
80.750000000
63.125000000
68.875000000
-78.250000000
13.750000000
-85.000000000
33.000000000
54.125000000
-1.625000000
30.375000000
-138.000000000
-42.500000000
41.375000000
59.500000000
42.750000000
4.500000000
-95.625000000
72.875000000
95.750000000
-43.000000000
20.875000000
32.250000000
-51.750000000
32.875000000
-74.125000000
47.375000000
-63.375000000
72.875000000
-87.000000000
-12.500000000
-79.750000000
-46.500000000
18.500000000
9.500000000
41.875000000
-20.250000000
51.375000000
62.000000000
60.500000000
50.875000000
-29.875000000
-38.125000000
-56.125000000
-130.875000000
42.875000000
28.625000000
-15.250000000
45.750000000
65.375000000
-20.375000000
81.625000000
-12.250000000
-85.500000000
9.625000000
15.750000000
-83.125000000
-60.375000000
136.375000000
-62.750000000
-75.625000000
-54.375000000
36.875000000
-60.875000000
69.500000000
-50.000000000
14.000000000
5.250000000
55.625000000
90.250000000
13.125000000
16.500000000
-76.625000000
-4.750000000
-3.250000000
-62.625000000
18.875000000
-15.750000000
-2.125000000
13.250000000
17.250000000
-86.625000000
-26.625000000
15.125000000
30.875000000
71.875000000
-34.750000000
-11.875000000
-77.875000000
52.375000000
73.250000000
82.375000000
98.375000000
73.000000000
-69.500000000
49.375000000
134.625000000
12.625000000
31.250000000
33.625000000
-18.500000000
92.750000000
33.375000000
35.875000000
-17.875000000
-55.625000000
-11.750000000
41.375000000
-117.500000000
46.500000000
50.250000000
-58.375000000
11.875000000
32.250000000
51.250000000
-39.750000000
84.750000000
36.375000000
-36.625000000
22.000000000
115.875000000
-96.750000000
81.875000000
56.625000000
60.750000000
23.750000000
99.000000000
-97.500000000
-53.125000000
-122.125000000
-46.500000000
94.375000000
24.000000000
66.625000000
74.000000000
86.000000000
-77.625000000
-52.125000000
20.125000000
82.750000000
50.250000000
-40.250000000
74.000000000
11.750000000
85.375000000
-55.125000000
62.125000000
-17.750000000
-102.375000000
-80.875000000
-72.375000000
-88.750000000
-86.625000000
15.500000000
9.000000000
55.375000000
-29.750000000
41.625000000
-40.750000000
-82.375000000
-4.750000000
-18.250000000
-55.250000000
-34.625000000
54.125000000
-0.500000000
-40.750000000
-33.750000000
30.375000000
53.875000000
77.500000000
-17.375000000
62.125000000
74.125000000
65.875000000
-60.250000000
69.125000000
38.625000000
143.750000000
38.250000000
55.500000000
-40.625000000
-37.500000000
-34.250000000
71.500000000
-68.750000000
-76.000000000
-40.375000000
58.000000000
40.500000000
-64.750000000
-64.375000000
56.000000000
91.375000000
-76.375000000
28.875000000
-65.750000000
-64.250000000
59.000000000
-74.875000000
71.125000000
-106.250000000
-102.250000000
20.125000000
-27.500000000
84.375000000
-42.875000000
-57.875000000
33.500000000
-51.250000000
-46.875000000
28.250000000
44.125000000
-58.750000000
-47.500000000
-4.250000000
69.125000000
90.750000000
-49.000000000
-121.500000000
-52.000000000
-64.625000000
-88.625000000
64.500000000
91.250000000
-70.625000000
-18.625000000
59.125000000
59.500000000
63.750000000
16.750000000
-83.250000000
121.125000000
-34.125000000
23.875000000
41.375000000
130.625000000
-55.125000000
-47.625000000
31.125000000
-33.250000000
-70.500000000
40.000000000
93.250000000
-67.750000000
-106.125000000
-110.750000000
62.375000000
98.125000000
-70.125000000
15.000000000
61.000000000
-28.625000000
-42.875000000
23.875000000
-26.500000000
-11.375000000
71.875000000
62.250000000
30.375000000
-73.500000000
42.000000000
95.500000000
49.125000000
-69.750000000
63.500000000
36.625000000
-53.750000000
-24.500000000
-35.250000000
32.875000000
-26.750000000
15.750000000
-50.875000000
6.875000000
-27.000000000
27.500000000
103.375000000
72.750000000
-80.500000000
-36.500000000
-52.750000000
52.125000000
-109.000000000
96.375000000
-73.500000000
-48.750000000
38.500000000
68.250000000
-30.750000000
-6.125000000
69.125000000
109.000000000
-50.000000000
27.750000000
-152.000000000
2.250000000
59.625000000
55.500000000
96.375000000
-62.125000000
67.125000000
69.750000000
66.125000000
-57.500000000
-89.750000000
42.750000000
72.500000000
-53.875000000
-65.875000000
-67.750000000
-54.500000000
-41.750000000
-40.250000000
-42.750000000
-85.625000000
74.250000000
16.875000000
42.000000000
54.250000000
135.000000000
42.500000000
-63.875000000
-117.250000000
91.000000000
97.500000000
-27.125000000
-34.375000000
-50.000000000
49.250000000
-13.500000000
82.625000000
24.625000000
-75.875000000
-23.500000000
81.500000000
-38.125000000
-19.000000000
1.125000000
-30.750000000
104.125000000
40.750000000
-34.125000000
-19.625000000
46.375000000
-40.250000000
-45.875000000
-28.000000000
