2115.400546009
-1478.584393097
1250.911674842
1232.087124670
1096.727665460
-1523.177110989
1589.304046286
1730.443330593
1210.046419930
-1118.753842306
1329.884749468
847.441489022
1765.653070342
1101.837784178
-928.398922383
1962.949331620
-1387.544168007
-2409.485513662
-1576.817652094
991.897755495
-804.895852660
1622.986933987
-727.167758901
-551.201502835
-1240.863222669
-1023.175809677
-1772.569864463
-1865.164784563
-1353.838909477
-1437.687864302
551.201502835
847.815190942
-1059.372008778
-2186.047834429
-1617.981555241
838.663331587
-1172.570437803
926.455216212
1539.859411491
843.114143217
1544.636799449
1124.929294597
-813.917558636
-1812.372931185
-768.531806626
-925.165714904
-1112.801508362
1884.956589105
-2468.733231426
-1573.640907179
938.852173365
-1900.492315391
1257.320985929
-1770.396962789
1305.370144463
-1261.592310057
-1505.353021985
569.399622137
1525.619117768
1291.683612363
1085.440073460
1106.720698784
1656.304679374
1699.297885309
1144.686516956
-745.134863211
-1040.550605773
1904.210647240
-1326.662899444
-2244.926837103
-1257.636776645
-1005.961336258
1374.773379854
-1243.345803058
1064.959570723
-843.653486743
-978.515431325
-1203.363255712
1066.507322259
-1732.225700599
39.774453581
-398.245228375
1031.080736686
-1261.702886203
1684.904602354
801.144686164
-1526.091110040
449.045399999
-233.191376546
-1148.848178671
-912.522338432
-1291.433891736
-821.448671145
-737.029413322
-39.774453581
-233.191376546
-820.369554038
-1088.766402565
-1231.692837592
1897.503947179
737.029413322
-930.118330606
-729.855553560
-1589.462501337
-1727.888193816
-1004.745538406
-1651.046397717
-1405.353760995
-293.849024291
1417.906422736
-1744.869390382
877.805329270
-1174.282272305
-786.058027628
2366.997102615
-852.066088770
1506.415364565
-1256.736555040
-1112.654192955
1065.536258749
-1332.400810849
1143.750517370
-1030.157216809
1080.830991459
1536.316820829
-1040.438680954
-1065.700679521
826.426269771
-1417.923932304
-995.488440024
-1945.238104488
1316.325063296
1651.214655861
1413.358535829
1488.816501998
1223.774933620
2421.145162835
2339.839776830
2011.994228178
1142.411667343
-2189.201761677
1840.972300179
-2116.543867043
-1284.938110468
-1714.059762261
2277.991198940
1456.398806895
1132.679043740
1714.585567723
-1527.636870922
1360.407475537
1596.469841587
1857.491050557
2093.133884582
1356.386115459
-1748.721662525
1489.691926382
-1894.151095663
1684.918620985
-1563.189847858
2777.792072519
1571.276685897
-2358.454649371
-1679.487350150
-2137.738042899
1683.515414098
-1755.611631744
2235.352336839
2079.398694192
-1880.554423666
-1766.083327647
1477.641645639
1503.928496063
-3181.405055305
-1953.250083630
-2244.546258997
1612.612633521
1618.414019140
2627.154142992
2203.418001644
2524.799198873
1881.378064418
-2724.466419814
1683.404685270
2300.625972381
2503.668960419
-1919.568183861
1603.695068332
2041.301912794
-1458.386881890
1989.143002331
2194.340435877
1907.203767347
2105.875308545
1517.614736455
-1737.189922872
-2911.627457827
-1089.605943388
2710.690582126
952.743071794
1411.360861765
-2278.425495611
2469.549377644
1720.195115226
-1217.421414806
1955.593876720
-1218.948770571
-2602.274399904
-1160.079887408
1746.949230125
1200.348509293
888.923611959
1333.635318989
727.927396702
2557.712651370
1859.187026832
-2804.182474520
1789.934211032
-380.302610657
1733.553146915
1263.125000316
1407.629925804
-2146.198009419
-2152.817318135
-1918.888067592
-784.436320016
1223.749282942
-1028.366266764
799.510200001
1196.698617548
-1042.626186803
-2051.881580473
-672.152247701
-644.568492101
-1076.866716460
-1158.809624855
-743.614187829
-1712.073259993
846.985824666
-188.295937591
-991.322405667
628.423586348
-1050.521045439
1130.615496251
1414.621151584
-1404.284901093
1099.708481097
2085.243263932
285.291949275
650.114915231
-1799.038682082
876.631655746
-1628.404006651
188.295937591
644.568492101
285.291949275
339.245027890
-1692.147410004
-1109.276765647
2177.401714038
1164.039462718
-1591.435937063
1644.704981782
296.337506768
1143.916521651
-979.637893495
-766.828511632
-1327.078945725
865.403595030
986.690991275
-1300.344322870
-1099.566894300
-1672.862314825
-2546.149778334
692.435294082
-2433.827754753
1069.121536213
-2056.625405742
1437.601883392
-1975.767466278
-1798.268307628
-1531.208382553
-1313.446235653
2154.239805474
-1350.264546412
1069.622179362
1959.655895830
1530.193083418
2359.610963226
-2407.151882416
1425.745065309
1489.998483198
1575.992228818
-1835.969447971
-1305.224479803
-1473.933813737
-1577.085539038
1046.712068260
1316.428328332
-1844.020617409
1264.592135751
694.989058562
974.292855814
-1084.097439828
-2346.690532819
1003.890747636
-974.292855814
-1058.582829963
-1365.104720415
-1527.235299556
-1288.802292409
1854.260870248
-1438.631459854
1507.552314334
2014.956089907
-430.648966223
1197.701825804
765.940967980
1504.316313493
-1552.434273403
-1442.717609344
1914.661338805
-333.021940932
-1032.654166013
-443.169295127
-1729.076281977
1472.391058894
1031.564857900
-1614.651404072
-333.021940932
1119.788512364
1583.068041956
-1734.845333522
1792.492138904
-2035.629312992
-1095.616686581
456.833551130
1470.629346618
-398.238638747
-984.219221640
1000.951445515
-1070.964343648
1426.773415056
-889.828792259
1321.993302806
464.548960558
588.154933329
-1671.804492101
-1092.907135459
1694.120125462
-646.543793677
1246.169348825
666.817759306
-1186.325478638
-1000.951445515
1279.624522123
-1348.257530263
-588.154933329
1012.544665925
398.238638747
-1003.006171167
1086.791577704
1670.872951646
-1815.785274394
1570.015807994
2077.821691388
-551.041926254
-1199.504344356
2029.877751051
1090.159484657
-1080.161107945
-1092.377783228
-2037.306315528
-833.775306028
1702.353222493
-1677.565224404
-1644.659007822
2073.620257448
-1549.837068143
1092.267943431
-863.056566680
-2255.121894319
-1714.779700679
1380.838982653
2794.131459930
-1479.839166061
1522.615438584
1817.148437606
1818.522180551
3085.984228561
1585.796846516
1624.953625214
-2417.894983443
-1973.530947011
2103.505952374
-1722.177435742
-1636.794148919
-1425.288635875
-1956.262359880
1939.212388750
-1890.509724324
-895.814643670
1875.160131408
2111.746292913
-1673.920522449
-1814.673104727
-1147.161972480
-2553.314296942
-1800.137470579
-2043.918079487
2073.904821278
-2109.120447415
-2001.523144565
1428.060169708
2189.183179965
1545.321576132
1342.725549133
-2085.656260157
-1776.736110200
-1779.536320179
-2701.946229639
-3374.540672316
-1355.038976707
2519.187455577
-1638.039531306
2468.480475022
2357.080208142
-2090.837852275
2683.236298191
-1619.465940542
1183.014079724
-2640.836896102
1842.591442431
-2262.149809613
-2987.029767249
-2366.393691905
-1632.751199494
-1111.434511649
1740.451945186
1964.331305683
1854.578208618
-2604.895982323
2467.773690892
-1800.217998000
-1058.208576946
2170.833288848
2075.977977504
-1982.582455215
1922.136831820
-2314.804836547
-2151.705002307
-1391.228025791
-2688.304208472
-1110.997200033
1379.047042436
2724.917712692
-2379.912299845
-2045.637572066
1212.043982183
2040.900572308
-1846.629899292
1899.810618398
-2071.856177385
2713.910662906
-2393.698697926
1630.760276197
-2928.573378501
1620.457165990
1134.693665862
-2409.031968412
1299.434875747
-2114.017887930
2212.459682361
-1332.019287096
2247.485107471
-1854.079801163
2335.514972424
-1903.809906288
2943.596743718
-2344.589396216
-1316.528907281
-1088.794027113
1152.299460278
1264.015868727
1752.726676360
2029.954522595
-572.976471449
-1212.168426746
1534.657422891
896.185619005
-1542.100287412
2063.390472881
1403.534064990
-391.158092455
1484.783725662
855.797387001
1696.303274648
-1840.025599166
1149.251135109
-1062.180960846
1490.013127555
2134.174304666
656.097248126
-732.475256891
1302.971054659
1713.018445873
-842.044165884
1948.610977009
-1367.550947489
-610.424309458
1162.243433791
-730.490889350
947.916312704
-667.160542337
-1048.855493836
1689.861373980
-299.490135883
236.975846146
-1524.988040588
-1857.674519439
-602.240523976
-236.975846146
-1263.828305272
236.975846146
-410.102066126
1261.544162011
1408.769712708
-1173.345539741
709.935660683
-727.275449837
485.907977646
994.936850812
2138.855114478
1080.433668139
1371.673418471
-1213.172627244
-1538.384837059
1178.070070395
1417.298426413
-437.515159241
1510.343865855
-868.642046845
1001.960004024
-1338.967412709
700.392625629
-892.813058526
1747.488941347
-575.816770867
-1293.342605635
974.629266395
1731.459959190
-797.674297249
1699.813447637
-853.121831716
975.806143807
-610.906879674
-804.272080351
-830.132668054
-2037.337120780
-682.295122414
-1196.435341387
1214.195933598
649.901993763
758.852013861
333.480145684
-807.374902863
-644.678443608
-375.458634073
-706.277814170
966.776070284
-775.050267075
855.162888914
-348.869181231
-680.267306763
-606.035480810
-801.914524618
1251.123304816
-834.024649515
855.603988388
-876.573357801
-508.581088505
271.921297860
-705.039486698
-271.921297860
-280.211120408
1096.673751750
-1528.088757251
333.480145684
-1156.846923978
1570.523466108
503.764574272
-271.921297860
604.009795342
-1115.116145464
-928.183940315
-1553.657034794
1554.261322931
1583.404980878
-1130.401513471
-1745.128826036
854.379851717
-1988.727662866
-975.169290376
-1289.313508728
1543.859968625
1151.569761287
1236.775044408
-1552.286000957
-1066.685891657
-968.743837975
1069.040848656
-1107.836648008
-732.451564345
-1221.829146726
-1279.918289376
1522.752913628
1399.702761649
-1610.440020520
1573.261843341
868.352969624
-2261.694187009
-2097.952221133
1378.170846758
-1293.010024668
1213.763421948
-887.428620878
2177.858688803
-1154.229491443
1651.813787500
453.068201154
2096.420865550
-616.576739000
1186.618679890
-656.799268728
1325.968444817
-1010.676797917
658.741578877
2170.366059961
-936.348416798
-1470.891149080
-1404.599582113
-2157.548864846
1025.074703883
-427.599181872
-1799.705176688
1430.096276337
597.517165680
1170.116295431
880.345338886
923.318003972
1564.486710601
-972.613020755
626.581378587
1102.261778269
-960.836046252
1617.715992175
2464.520186517
427.599181872
-1151.275036015
249.364122564
-722.542759367
1549.095755736
1155.991999749
-2019.322210243
1357.662549593
644.596294703
-705.005261907
-997.219346896
1710.344648176
898.649068536
1407.188163979
-1564.493303916
-1734.864876945
249.364122564
-751.016034779
1355.482039794
-1512.044135749
-1261.445074611
-1004.246156482
-1297.002305311
-620.713898348
1343.732568176
623.986578425
-1205.060034969
1273.990672983
-670.421038657
-639.811919412
1330.727816552
887.250848208
-623.986578425
-639.811919412
-1370.050993695
883.181770775
-833.262403513
-583.321297440
-1516.578065627
1021.105033224
-978.232928990
-884.088098345
985.621071451
-1996.711347385
-1200.464681230
1564.557456618
-1060.184253959
1810.415765166
1869.828770998
-811.537008463
-1926.455331975
-1131.006926732
-1910.373591787
2291.452308295
-2113.172552792
1691.231618435
-1559.895346259
-1750.921808880
-1290.507368729
1507.823067649
-860.468732740
-1499.190569184
-1344.140588121
-1952.457244456
2007.704000711
-1002.947136022
2323.560467098
1426.108831572
2635.213537416
1152.721501496
1605.171577836
1966.311921078
-992.441091888
2435.312135465
2037.803776464
1294.052937388
-1261.374903304
-2305.946840214
2320.724765218
-1289.854543884
2470.353849772
2083.766373871
-3151.290202210
1052.594212743
-2610.113237384
-2192.040321242
1933.521323379
2172.729813186
-1346.123498767
2763.523362204
2021.737031875
2080.300421891
-1853.418092754
-1769.577719763
2048.044428710
-1519.494615928
-3033.756864575
-2401.298278259
-1959.723153021
-2417.906139690
1412.240306282
1650.608937922
1281.607436652
-2073.896155718
-1799.224172171
2064.229212219
-3526.670716452
2150.258653313
2126.377013763
1281.607436652
-1774.743860306
-2037.309782840
2435.606808203
2363.318864732
1646.898858709
2338.233423046
-2898.998425809
-1843.857422329
1978.995321484
2340.329318840
-2269.614604570
-1933.172141507
2083.646159269
2124.500100109
1731.506821515
-2363.500373935
-2280.444558214
-2112.062713306
2308.116578933
1716.876149743
-1654.571805770
-2742.383590476
2810.039615515
-1845.690659332
-1577.911446959
1564.344614842
-2321.518738146
2138.780766946
1843.406253884
2117.147442611
2144.601874786
2780.609652356
1749.469027158
1821.983044951
-1163.047214591
1847.717439433
2763.806951329
-1780.101182535
-1948.913414517
-1857.382435911
1549.928121112
-1534.680280284
1041.141406153
2501.889165779
1372.906743813
2451.395337284
-1797.490422746
-2900.060421707
1599.138175582
1041.141406153
1486.557782044
-1705.932567408
1826.330338320
867.507604238
-882.007004593
-1928.515364291
1395.357135572
-2196.221987742
-2029.894780487
1649.810617148
-1391.062427965
1085.767556860
-2211.417405736
2401.490505666
2738.589659155
924.608279449
-961.685825370
1520.616249039
-1249.817826863
1219.813220432
1246.410662377
-1731.514065693
1279.293338012
1518.431179755
-1461.980432340
511.132077384
762.593263685
1387.940551003
1479.081211351
-1108.225881736
-508.331552046
428.974245366
-1073.448390073
760.927185070
-584.056174201
1312.838781659
658.367242394
1203.778759547
417.563918933
888.728586221
2133.856797772
-1188.062317991
856.855021236
-953.394908176
1091.078006722
-575.094731021
-461.897006328
-486.970632994
671.850109388
815.086373890
137.949993296
1549.643497160
-806.334825591
-209.712768819
-458.965059294
-1159.986025369
384.762237727
-293.278423668
384.762237727
-1430.405311030
-634.376127915
1132.282882616
751.649178572
695.729863284
-137.949993296
1378.856532901
-1182.922850557
712.970004370
-508.323672978
556.528709393
714.701948320
-1684.651124458
1429.915627971
553.811841504
772.521358072
973.083803885
1440.794401797
-1449.234805323
-1647.182660878
-633.287160964
-209.712768819
829.817001377
1409.138282954
556.818536642
-1353.466331041
-1142.634734839
1943.556367182
921.141032628
-1177.226776531
-771.574424722
1069.563235244
521.376154486
-1213.561014620
821.838174446
1542.050104151
650.452864755
-1082.630169089
-635.600104853
-644.399162873
-828.095282410
-919.054203210
-1150.276122153
-1545.215926898
1031.413862918
1781.351968779
959.952513286
1221.752238232
705.930231869
267.367425136
267.367425136
-614.114833700
-1130.982794436
1017.964274134
313.640780497
-1110.493354568
899.397440559
1417.434153079
-752.057122955
1366.376408093
-984.595812465
224.172374976
-925.173578437
-1496.798917687
-1160.696490953
1156.116032857
-1259.731593912
1268.613389848
626.455751913
1727.310089583
1117.701608143
-1784.871942023
-1157.032338838
2133.343285672
924.781045626
-1468.892863264
1992.918369501
744.795133751
-1053.858115865
1747.989854263
-1623.190728003
1460.591141619
445.807725920
1188.584212996
738.742007862
1771.409108076
-1666.545641304
1332.191199691
809.639809089
224.172374976
2246.610567695
-1326.427648198
-1430.198699257
772.359089008
-1495.640506339
1740.238714835
1754.212829043
1157.257650436
-1903.815261783
-1982.758111873
-2333.696472784
-1718.842059487
-1333.502261562
-1273.021665776
-2102.919222636
-905.435213805
-1380.230045409
1274.641545560
-654.195830547
-1376.393245273
-1097.437773198
-1134.897890787
-1747.046513120
-2673.903567240
-1179.323498252
-639.596265286
-2024.644288935
-1271.553104274
-1650.977859820
2522.409006605
1382.673922561
-1273.661496640
-671.178541946
1047.235183389
-1705.471728080
1250.390707987
1707.936044735
1593.309551504
1401.710156864
639.596265286
-1738.848645103
951.334694514
-2914.187356504
-2070.135735018
1160.505724224
2164.552367996
-1278.713919049
1722.285642490
1000.901370464
-1579.514221377
-1028.418819262
1907.101633120
-1468.237542556
1997.998575059
2183.830343683
1110.591187424
-1415.324437670
-977.044664774
-1361.903057725
-1780.273851435
-1581.349407092
2071.225251949
1593.938169441
1409.876065560
1258.456741473
-1946.876856782
1488.499256779
-1837.818528614
2226.699430135
-1456.023735015
-2359.229143794
977.044664774
1240.132943284
1636.532082883
1538.589467771
-1280.059400448
1521.400990746
1404.377405969
-2017.800364900
1787.845811626
1826.350871792
1182.763726872
1475.114247199
2363.867722173
-2205.820883762
1075.953033811
1586.013899202
2409.187087527
1660.902062044
1983.125134023
-2334.594151811
1924.100743954
-1913.505561094
-1569.166612554
2187.461612408
1469.066540033
1574.549931515
2341.422279259
-1793.830666847
2741.279422957
2750.973057343
1968.359644777
1350.139234563
2373.769721381
2471.565903450
-2096.754060942
-1512.550934714
2592.199545290
2767.797799116
1526.986853117
-1616.866523347
1978.254035652
-2874.924363146
1947.654567828
1492.628843347
1562.808285607
3034.914654659
-2400.180605790
-2347.007900057
1821.053054491
2090.211619976
-1324.384287876
-2089.608923235
-1658.670331251
-2352.384991955
2420.059366159
-1915.004254639
2075.941996535
-1324.384287876
-1400.383982285
-1624.520776635
-1589.790873997
-2888.030140697
1821.053054491
1296.141731474
-1938.389059398
-1303.773908213
1378.250349065
-2152.395592361
-2608.254731076
3604.502979166
-1377.599896028
-2111.938845544
-959.859721712
-1901.386597468
3040.905433205
-2009.497486840
1952.600453833
1213.797083088
2737.610176143
-959.859721712
-1378.250349065
2284.421903589
-2226.362846846
-2661.487528523
1213.797083088
2036.874974196
1651.740868044
-1946.775979803
-1353.763359123
-2427.739147056
-3459.632968247
-1289.121644392
-2888.599781354
-2017.504428314
-1874.653739414
-1253.905229893
2660.206838346
2773.011337692
2877.726862608
2151.276448743
-1455.271903656
-1893.093051426
1253.905229893
-3673.515428265
2533.567692660
-2196.436661808
2604.434603076
-1815.877675571
-2341.247729080
2509.989408270
-2271.138361823
2177.623383982
1722.714995039
2991.149647394
2854.723015396
-1706.253367951
-2256.830858577
-3233.005732157
2286.630134262
-2181.271177827
2458.285294398
-2588.399517856
-1454.735526871
-1997.198339298
2638.136301771
-2164.740976804
-2235.986866608
1576.912414615
-1907.900425362
2455.823537858
-2035.468313307
3656.538599674
3297.034090911
-2725.570478105
1861.672432142
1619.740149269
1651.792189204
2224.873998591
2267.517625608
2822.109297697
-1809.715224714
1629.205616930
2354.902471948
-1510.756822792
-1943.077579247
-2631.697263560
-3115.391326291
-1819.401852313
-2272.578329096
-1602.902418886
1946.677970576
2765.984403996
-3024.923851908
3365.856222804
2315.760866932
1689.480738675
-1750.215020930
-1674.886621924
3016.084952954
-2364.061428399
1510.635544482
1796.056061445
1892.117427398
1749.478242820
-936.394384417
-2091.037381208
-2982.914991880
2273.867615263
-2683.917131052
1511.595945576
-2022.029462802
1470.247652053
2660.376008911
2041.078316951
-1291.023415382
-1566.906000156
-1522.031409889
-2182.917962217
1687.622326111
-2036.221220683
-1769.625770524
2534.966596612
1830.314985942
1160.630800686
-1793.510688163
936.394384417
1465.252757848
1793.907876194
-1738.210391064
1665.704207788
-1416.655129263
-1515.165632976
1763.099364884
2159.335831635
-1074.787879592
1157.713166569
1407.412798804
-704.647883605
-1683.805042452
1013.057564541
-1715.021634942
1925.561473977
1871.394483547
1118.980423274
-704.647883605
1157.713166569
1660.286378691
1614.782751719
-1225.850417141
-1294.329420686
-1118.980423274
-758.511906101
-1563.469548308
1137.142958473
-2005.959106161
-1074.787879592
-1324.572465966
1952.438577118
-1073.378612552
-2002.458367735
1511.395780271
-2039.135884392
1184.021685423
2057.723995109
1406.911260868
1389.442360080
1634.368881002
-948.120118783
937.896705131
1951.860296892
-2000.343539584
2162.380332264
-1803.477851110
-1305.742389701
-948.120118783
937.896705131
2327.377369970
1721.056453935
-1358.078807412
1698.540880645
2063.823482508
1379.255619848
-1494.592857074
-1849.024339619
2736.020398970
2396.385726880
1334.061279392
2392.354642547
-1179.770396194
-1712.847402496
-2038.912172716
-2075.720355560
2099.781786297
1574.866699670
2180.350542594
-2664.544459565
2230.607522849
-2733.644298490
-1718.760692303
2279.858148842
1651.355263382
2290.723456038
-1456.481147342
1264.776955289
-2095.512231564
2864.352880798
-2095.307761521
-1607.364388637
2818.247025596
-1890.157027619
-1585.624581974
3327.480184811
-2854.444347095
2013.688911172
-1566.933684881
2241.382756777
1583.818092893
-1546.973459325
-3017.528165476
-2386.842766357
-1542.416197382
-1029.436018365
2382.023396306
-1781.719495453
2594.309291623
1751.726713958
-1655.444537349
2502.147440265
1181.129118128
1193.613558368
2103.694894117
-1570.596501712
1791.764818439
-2009.565516353
-1341.992897050
1067.200993085
-1839.283135638
-1463.969634064
-1527.236280582
2419.303261568
-1543.283467558
-1096.251188613
-1367.344198595
1368.647192798
-2645.710419349
2620.944440332
2811.439923739
1971.530230217
1642.347157521
1498.553497037
2281.147354657
-1546.196746183
1398.430101567
-1730.145795635
-1843.652511202
1153.899772292
-1504.549847712
-1533.514260195
-1317.684603912
-1785.920553937
1713.351055533
-890.842798438
1821.148215257
-1506.842405002
-1632.687295162
2073.962805353
-1077.432433828
-1178.547907608
-1403.157394168
1343.961254698
-1740.800505054
1354.561886953
-715.676126513
760.990555100
873.683306288
-1840.226245486
-1322.877368448
408.927087514
744.468023736
-1244.475617439
448.167390855
-705.809414763
-532.877892066
-378.672530135
-1210.490817527
994.610475337
-1588.017193850
302.348102618
-774.829807696
422.902370888
-158.409620403
854.024000899
408.927087514
-569.053609537
-302.348102618
-784.257773573
-893.338324890
158.409620403
-1812.667473939
852.543360783
1640.612823655
-346.922611960
628.837641878
473.157906090
505.566366017
1600.347013711
-1008.782797624
-1183.027811206
-980.939102832
-938.198800374
368.319807473
786.535675738
-1643.975397661
-1939.850635885
-1902.325034011
1280.774111423
-1568.429298493
-1910.875336098
-1209.821330527
1191.925263061
1342.151206833
1973.377308734
2025.229522317
1825.123315909
806.410953480
899.015153201
1909.794543269
-2277.733779707
-1862.917208365
973.912207268
2194.411187275
-1138.705923895
1281.596078471
1514.036440034
1848.550312034
-1574.948684716
-1523.513138725
-2709.451298730
-1458.290977335
-1805.441712196
1740.532757640
-1642.780578298
928.510888491
1418.911993333
-1284.856260880
-2740.043787193
744.825093751
1321.314087093
1183.521510341
-2265.333601136
-2515.312976767
-2217.476769480
-1720.707797743
-955.042257577
1689.898068558
-1563.046557852
928.510888491
1642.715340173
1853.262302367
-1163.719336218
-1736.759280162
-2013.057161797
1464.055346869
982.777246136
2355.607809068
1684.243129303
1219.382170342
2002.590916714
-1412.975753578
-1639.578365108
-2208.489172557
-1284.460764438
1776.524935803
1216.117641097
-1871.862675993
1723.554219473
-1296.841953177
-873.392444826
-1580.927905374
2158.683470260
-2035.912228766
-1927.653138277
-1599.963980621
2235.396264850
1222.284314353
-1994.513878966
1935.350901055
2650.287701485
1833.381443203
1978.294779743
966.222355298
1181.831245606
2317.399514872
1700.337938815
1532.694925814
2423.390782844
-1101.255328693
-1542.908006794
679.799290406
-878.855996808
-1089.931346616
1205.892108061
1260.431733001
1110.294965208
-2082.393569115
-1424.984956565
1201.971183461
1691.534362401
889.165357621
-957.114012656
-766.895435611
-586.855134763
-1105.060993736
683.705503949
798.713214702
1247.855955747
1852.999554015
-1766.672171116
-471.927938150
667.194179556
1913.477244856
-1438.454255228
1448.981872897
-1077.938438291
1105.838565784
538.036326940
1696.597218709
1356.506537252
1266.971924299
2510.511930433
1073.942301404
-937.641378612
-1562.580294755
-781.247998393
-642.458554642
-569.578620173
703.192602650
940.027196128
-1172.796340483
994.140935175
-356.118688073
-821.820900871
409.361955273
1467.733300618
744.768217904
-721.473003860
881.477029055
-529.529260467
-1078.875977042
-367.866039135
1097.185063854
287.318817309
38.873454441
758.651070526
-655.233892621
-361.188280894
-809.908008086
-1470.016484939
-38.873454441
410.565925186
1383.152021069
356.118688073
1499.765964430
-38.873454441
-1352.424789589
-785.473160979
-658.310328846
407.396472839
628.606384731
1407.485754074
-515.804847013
1094.766827826
-674.903263762
-562.549105818
-1311.744662977
-1426.023346037
-372.438894495
-145.277310474
1098.483892892
972.161239426
-1356.327504608
-631.329809628
943.688213687
-964.102193126
-1158.497292154
841.792022392
-675.089971148
-1447.036096791
-1153.696851442
1550.347905346
1422.081685579
563.302104538
-579.579032615
-1633.646400924
2682.143724582
-2084.721186197
-1625.425729287
-1488.480336719
-1008.184094472
-1209.138723976
1116.657892695
-2126.633152252
2098.583450895
-1889.273787215
2003.924611988
-752.868242036
1499.644005171
-1920.830114270
1437.085743820
-1402.736540840
1267.275004083
-1386.538162154
614.038131184
1225.833672151
-2049.834561207
-1211.121919101
1586.358916722
-1422.112671796
1818.423463844
1905.662188403
1395.218599990
-2180.427566323
-1216.247631821
-1267.004984881
-2282.425355024
-1895.259531394
689.073446632
1005.743274965
1704.247090878
1122.496090165
2219.007240164
2196.238918234
-1350.391540576
-1213.730464777
1156.517167181
-2034.950459888
2501.427272265
1307.051770417
2117.159181916
1284.109053983
1979.813277102
1973.995324999
-1271.603968161
-1363.315850613
2242.849649725
1504.746017692
-2653.181181129
1479.929563824
1630.094701146
1547.102083755
-1024.305392336
2680.716378231
-1061.801460032
1141.702239277
-2377.051552938
-2236.924167581
976.935856061
-1271.428655179
2022.214614482
-1484.606946996
1265.887905307
619.150404501
-1495.472960373
2064.359171205
1138.941796974
-1445.173608877
1296.309297937
1015.656985190
-619.150404501
-1970.229442871
2171.490130580
980.636010272
-1789.399917801
-1217.986640006
1052.174236213
1357.212625451
2083.010764078
644.246894944
893.949722899
1175.271304657
1290.532017581
-2109.566963948
-1378.637059831
-1460.816866586
-644.246894944
2007.001838729
1138.908785356
791.759755359
1530.647795685
1044.696401315
1786.511389908
793.935944451
-974.109415436
-1302.908548805
-791.759755359
-1130.585593332
1232.179484370
1237.523401755
-1233.987653429
1484.532819528
1912.829603128
2599.034398490
-2046.706958212
1137.742527159
-1753.720021920
1873.976897535
893.949722899
2207.024827823
-988.883849282
1027.984202544
-1944.986547837
-1903.670217567
-1232.395735609
1774.448148306
1748.817224171
2045.746138536
968.563139696
-2026.229759254
-2153.384816074
-1010.217889494
1010.553363385
-1802.777983187
1148.190593285
-716.725279601
2347.350876872
2245.508784308
-1527.666551899
-1356.787134109
-1713.115038645
-1202.936126680
716.725279601
-1299.133495547
-2022.411115418
-1704.889771279
2051.581402808
1379.050562565
-2003.158036635
951.569521572
-1753.395885051
1905.474107452
2924.153299723
2455.549337471
1842.246621726
-2530.011361393
-1371.649179456
-1006.897085239
1871.260111126
-1815.873439661
-1586.169504369
-1768.620861518
1391.512924518
1397.163467275
942.275259218
-2256.962510215
-2098.766555238
-1873.525897142
2373.438570276
1570.557842359
-1899.489020729
997.401051694
3176.677712049
1824.177538332
2166.730999218
-2952.192212755
1567.869176470
2217.813408238
1510.363235692
2667.632631924
-1970.553588278
-2521.114765510
1902.030842984
2171.668625263
1225.590051349
2037.038045114
2282.288328809
1966.722598891
-2722.127440607
2347.694589778
-2745.901183293
-1497.391229862
2236.752416950
-3136.527328781
-1886.667398403
-2706.811307814
-2457.302984847
-3244.547432205
-2156.486210871
2740.296976373
-2808.466824733
-2433.727924073
-2406.809490080
2619.312400040
-2378.069629700
2572.381571697
-2815.224653983
2408.581778458
2370.974658575
-2770.102335978
-2879.754772444
3237.522873450
-2903.715565788
2595.060482840
3441.177073104
2432.866798711
3097.565852408
2633.169725457
-2328.936953613
2379.903209359
1891.790871923
-3460.940249144
2884.603653760
-2888.297603966
-2253.138515300
-1804.533186110
2542.115438951
2176.731937753
3155.756973192
-1601.088514875
3353.688825133
-3362.931021391
2201.490626200
-2625.316113900
2277.867667819
3544.553008258
1786.627539685
-3128.734418898
-3146.246779044
2715.394640533
2686.567592483
-2240.173438012
-3354.617408734
-2172.909065003
2152.311107356
-1663.219572993
2380.056969994
-2489.139113708
-1819.807010965
-2863.338939299
1405.419813268
2281.515428393
-2201.787168796
-1488.976552926
2607.572404699
-2077.463845665
-3155.122385685
-1488.702482863
2409.879303531
-2286.784093658
1723.450109300
-2996.579910898
-3132.207370408
2384.536981662
-2024.245203739
3490.720280527
1787.802401716
-1684.805451153
2454.285754061
-1982.872593128
-2767.542330585
1138.919328461
2800.157730655
1710.556965341
1705.450608883
-2410.187021737
-2919.048177510
3145.832209024
-1706.936863935
-2149.133613918
-1501.607949795
-1412.630567501
2069.467493098
1865.866779615
-2450.891848531
1363.676218452
2206.893368002
1723.589412695
-2108.694544158
-1993.975995518
-2859.312178545
2078.456136822
-1166.874272766
-1736.854105102
1526.867162771
-2143.264328823
-1725.388446724
1613.116909269
2586.290793452
753.233530679
-1570.038989973
-1383.176036057
-1725.668718576
1719.942746600
2525.264183712
-2649.329349853
-720.443829458
1570.038989973
756.685271959
761.413911433
1699.136212485
-1602.595860894
2330.620361515
-720.443829458
-2362.102962523
-1002.040245526
1310.816657849
1564.593515827
1602.595860894
2812.875922651
-1118.298471283
1946.498938303
756.685271959
-2247.183236370
2578.619900316
-1919.049098153
-1972.772185130
-990.446216162
-2365.268521491
-1309.830125702
-966.558599430
-2004.971273311
-2027.823409397
2428.083485927
966.178417013
2032.581761050
1077.649578197
-1645.804984051
1586.744905587
-1913.121402317
2807.504180288
1381.412584989
1845.314278751
-2702.029278135
1951.757268472
-2105.326802564
-1973.411989852
2129.474351475
1902.602248471
2716.795245700
-1886.557970513
923.487979533
-1100.871944578
-2093.338039151
2296.896706703
1187.616609932
-2620.277019049
-1712.110637692
-1176.304200039
796.517668767
-1551.646206386
1846.018322073
-1056.223064662
-2561.347191761
1856.288684406
-1360.458424844
745.678578612
2179.874837900
-1854.345166248
1716.152988109
1607.506221329
-1504.251334028
880.563243183
745.678578612
1349.133047972
-1381.361564534
1894.101111228
-2069.139242153
-1958.654618647
1958.555051131
1999.029713917
854.990466009
-2768.951642365
940.850138239
1534.848134386
1639.095750256
1464.926090542
1261.802855561
-893.901651659
-2348.903621694
662.570640984
1989.601973774
2258.438433523
830.658617415
-1417.298231313
854.990466009
-2380.268493366
-662.570640984
1455.216376239
-2596.475390138
-1085.120150682
-957.944353598
-1051.744495589
2480.607420367
1240.926506643
-1787.319024420
1239.695023131
1649.418591148
2253.013093126
1692.252781709
1869.001067987
-1583.505838219
2328.856244008
1277.792470893
830.658617415
1301.655437093
-1716.756414813
-2333.734999149
-1286.003150110
-1819.809574820
1632.662106796
-1308.967614040
1463.466727646
1898.710214212
1379.636543644
1959.825288456
1585.227614424
-1795.599294305
-1594.898161529
-1378.761795091
-1979.783327726
1379.636543644
-1417.039656471
2208.547844555
-2608.516186911
2142.683321154
1540.386707482
-2190.508421974
1881.059422420
1581.945358773
-2515.894249385
1998.035916477
-1595.018278901
-2128.953709166
-1971.910105300
1635.144566545
2924.522850710
2158.220566330
-1589.796739829
2520.594829754
-1386.894563675
-1029.164179282
1862.736357542
-2536.248100963
2447.955004277
2130.593166105
1885.631192689
2369.531446405
1407.653450854
-1886.339895331
-2542.448372059
-2753.434998737
2436.353830309
1631.268196270
1750.421178134
-2763.072527001
1789.871814085
-2319.820056467
-2893.519048105
2346.040111820
2148.836505054
-1773.088018888
2288.510015065
-2479.392120449
2034.392307696
2569.573310432
-1470.127648106
1211.197300918
-1630.612379562
1029.164179282
-2375.469306599
-2979.078561221
2283.717441668
-1837.612650774
1780.426610854
1607.189359637
1688.605646996
-2992.031067684
-1793.458791065
3066.413829389
2584.371555656
-2523.582415206
2293.200865720
2060.591540909
-2889.206950140
2396.153260163
-3334.763907668
1499.024632499
-2289.886292974
2125.647930594
3210.255364622
-2451.125317693
2564.624928700
-2475.602453676
1638.266428319
-1734.386164399
-1855.264255584
-2156.340909563
-2634.345990149
1948.737477644
2934.959824856
-2035.384977475
-2153.960716616
-2308.471688267
2030.616078421
2998.415109908
1395.844279188
2229.753545403
-2003.426941162
-2420.168204033
-1539.099082155
1647.000257693
2870.892501228
1309.150421848
-1827.529581927
-1633.321885806
1636.574697218
-1580.862467726
1982.756602932
2521.913058763
-2270.056744142
2310.144235582
-868.736404442
2178.812303721
-1540.122706496
-1809.247055028
-1951.595477953
1935.234067577
1596.737185874
-868.736404442
-3085.998794530
2379.146019669
1456.920203301
1867.337317356
-1612.460817569
1444.501407137
2210.291453153
-2712.770700782
1413.468038595
2512.854009225
1229.464478806
-1317.394147651
-1504.770604293
-1940.226549201
-1760.191177082
-1575.756445898
-1456.920203301
-1517.187638974
1159.165589582
1283.239704941
-2400.700768431
1669.656582756
1717.673320383
-1498.973786358
2037.914918932
1485.873148412
1537.665766731
2865.567239024
2010.833660180
-1418.235139176
-2094.121891242
-1921.027053666
685.960928083
-2463.540109976
1221.045253352
2203.019867977
1818.302552326
1742.627470731
-1760.158142949
-958.127464234
1102.632263559
-1387.127893657
2270.604343173
-1291.123555262
-2331.210068405
1070.692041335
-717.201425073
1214.912950183
-2062.612720633
1425.059939773
1287.335853639
-1441.670275761
-813.388002413
1091.014757182
-1052.972884447
-1870.797652857
1842.334475909
1687.726414720
-1302.388219033
801.184308269
1499.660220953
2263.053221624
-1495.422130155
-1903.896687685
2020.547144339
-938.886150904
946.329244752
-685.960928083
1508.861281144
1911.539794776
-1404.137035864
1738.998406141
-1526.690541943
-2001.706978720
1440.306071626
1703.624573638
-2933.210096248
1048.698795355
639.278917055
914.478390344
1346.476811147
1236.658321335
-1587.532648711
-1955.148835020
1974.233306245
-603.952913661
1056.973764480
715.441877045
1036.506730456
-1327.362642317
-1190.577369590
1331.036187241
603.952913661
-1030.030842122
929.285648503
-1471.768218512
749.464338126
-1458.551917088
-1093.088520532
-1673.346532804
969.538259187
895.593257985
-995.876881119
749.464338126
-1242.324231675
-1130.260538538
945.125581108
-1096.827061277
344.434171201
1147.538290560
-975.851512000
1829.804830850
1525.456869475
-956.148378149
739.205148347
2085.967380476
2197.057391976
1001.631727671
-1306.440948050
-2475.622010797
-1475.005357218
1097.869771385
1398.150826289
-1270.011258561
980.728522680
1702.411938997
2479.211922818
976.510948970
-1485.235000063
-861.981320083
-1075.582221727
1577.878493407
-890.559315145
-537.770795214
756.969405487
697.502977096
-1072.967008609
-1832.227061925
-1782.500679454
-1944.466534752
1495.727535001
-387.231924560
-742.116242897
1427.938738315
-520.350610790
1811.021597754
1633.478578459
926.068907816
-350.931001596
-781.867344292
77.329404758
-486.913894117
-853.200508845
1129.492264449
1108.706713246
-747.128252254
346.800555578
-77.329404758
-212.025240170
-960.133883364
-359.983587948
246.703487973
1433.248790305
942.912172920
1098.509957184
-803.439320949
-994.934463321
936.571512951
-891.665257696
-212.025240170
-246.703487973
1028.930677667
1284.294196281
1974.733142631
-843.936514190
1761.974704623
871.739468563
663.960435265
671.048524089
1296.954942957
1420.537940546
-607.812378450
-1175.731477999
1538.670433239
1186.436526967
-1373.698447080
-1163.359944443
448.782859451
362.159877031
890.716494637
1960.650700361
-720.092962222
450.899582687
1467.135389530
1729.388422154
1695.165255416
-1365.452522664
-1168.720840233
-1582.279069695
1170.649354929
2153.366079334
-766.735191629
975.017724965
1541.526968057
-1174.047654845
-1985.525779492
-1489.015287426
-823.018660792
974.539253991
1243.077363716
-1696.016742826
939.891110198
-853.425533277
-972.457120047
1714.229817281
-980.363529586
2023.816805511
1217.262020423
1501.337230102
1100.831094901
-1304.236765305
604.690640256
-1151.037656832
-1878.543444125
-1320.897784438
-1224.864224107
1603.101568091
647.807950380
-1124.691375272
-1072.764064043
1536.088200590
-1777.760290632
971.131874113
-907.660641980
627.068591507
-280.644574706
-1109.467417502
1299.887617200
-1230.276345266
-1550.815278672
1579.027468587
-620.025686519
280.644574706
1211.938289643
-1494.900622793
-1926.184430480
-990.429880962
-674.826780132
-620.025686519
-522.577955202
-1313.563253954
834.345782915
-889.856282622
1676.864196354
-1606.750993886
-678.023824864
856.576108873
-1595.440941859
-886.909329781
1209.167467450
-1542.525103671
-1868.178804893
-1693.878645984
1463.250873508
-1020.210678644
-1153.675239278
-973.788858162
-1643.761395324
1199.295414381
1023.276198314
-1169.155195032
-1008.639596633
655.663545284
917.414501808
-1629.321127572
1215.691645608
-631.521299088
1349.643376965
1045.785512405
822.733531045
1378.522496625
-938.839839533
367.492742729
1686.926993119
-1210.942429580
1968.479130190
487.262234329
-1870.766740503
946.952610274
-1041.683083456
-458.725370923
-424.477630674
-1014.155302776
311.779296492
-237.446314708
844.777403660
449.265193444
-413.868527423
1026.981215061
1089.122913077
1311.722416644
768.314060395
551.574378929
-22.135788904
1600.778220413
118.328389493
-720.644335173
-1290.955312885
528.281761909
-1061.368380449
-709.839066810
-606.673940267
493.586896349
183.276572288
1052.597499379
789.535030284
-997.736638865
22.135788904
362.936198717
243.811374144
1346.682434721
694.454628977
692.404786390
-168.597632127
304.105661835
1343.323734302
-1578.929578516
-624.362078671
234.167260191
591.462436088
1129.977705950
500.431065995
2046.466804863
1126.398900736
-864.651667754
-791.539142782
-496.713387214
1144.236152897
-1107.773068263
1192.625260340
1125.350681176
-586.079249173
733.358763565
1618.303680812
-505.728007773
-1214.628456436
-663.641029816
1356.821748867
-843.508849465
-1030.501723227
570.469496586
-895.272890367
-1443.518796852
-517.742966859
1461.602509900
964.589814604
1162.720822568
1168.573109747
-1078.548397518
-350.734659623
461.650729580
-1381.940174827
-803.566893641
-1881.826628023
790.529773405
14.811394298
392.348952066
335.422419194
-833.622745397
1781.883876190
-1622.890453660
-1145.146597715
-786.688514803
382.463694111
215.552861255
-46.574449543
549.561714478
417.625485789
-1298.043624403
126.519931085
402.124433349
954.376168061
104.321220154
-118.328389493
-1039.297764897
-702.507070868
556.635205808
-681.875921282
-398.339182232
723.067708153
-202.436301460
735.489428881
-1121.903514893
-755.687510133
621.465020186
14.811394298
-504.813275529
-1389.023763006
142.322409984
1535.098882548
-148.906710396
143.755031605
179.532950439
14.811394298
849.799564354
-874.841669829
-925.991404825
-789.993406620
-1303.314094586
-1094.459808207
215.703900696
994.289257404
-402.379724951
-480.243001567
672.922109236
905.493686707
405.677612771
393.582861018
-595.759687108
-1317.228257624
1790.989078811
-135.462349868
1642.771249803
-321.229484297
587.702496209
-707.713899362
1362.621967342
1153.035773587
-645.647506414
921.259562802
-1883.765401224
-1856.933945686
1198.407330644
-1299.437619575
-1258.868887921
-1802.552656917
-851.501953410
-2016.196896979
1505.913801125
-1371.381627268
-1176.482755734
-1674.002963456
-1492.166538455
-1825.535497314
821.392168695
-1025.528571371
1917.570215294
1228.316483070
1250.344565759
783.353693320
-918.860350503
2432.439784843
1165.341606961
-1187.998735660
-811.103718116
-2313.256962434
1346.583224007
-769.045471688
-1830.775779100
995.374938613
-1077.761575072
-1433.423000711
-1314.042479781
-1746.953967238
1372.685786183
-1584.879172481
-1105.595112304
2586.942085071
-1983.984799290
1111.355239619
-1525.461266195
1279.228767590
1876.360215120
1300.215281198
757.089909554
-1885.751970952
1048.071701507
-1186.772113612
2278.942486637
1586.041950793
1219.713130126
-2088.311522268
1248.000580766
-1737.321429241
-1571.729370985
-1117.326943716
-1146.659802315
-877.510316141
-1688.338072512
-731.839367700
-1024.342674105
-697.200161631
1207.788394193
388.556803895
993.461266285
789.402358306
1139.315054308
-670.302331862
-220.437072751
-220.437072751
-1263.654161952
-111.186273997
-1091.921768547
292.738400179
111.186273997
471.574597162
505.290231482
742.572021188
-976.197331413
-1431.354483868
-540.859853300
1963.065997694
-1576.584373813
-1213.059725294
-656.777244160
1109.803942296
-589.549462719
-111.186273997
241.419141156
947.585136802
1036.664507286
-1735.438886433
717.510257681
1044.128940784
-1298.867267047
-1504.152427542
533.689357367
-832.891747327
2121.930067900
966.117365038
1494.401823455
1311.123805895
-858.750547810
1134.512196693
-1661.092046771
-1226.303749913
-1293.839051703
-1022.695555005
656.543910152
-1596.374175559
1970.237063852
-2568.515061479
-1012.924817062
716.141758698
1126.354010169
1753.663823181
-1602.136731115
-1089.872358398
1128.221043902
1497.392797032
828.872938289
913.066762049
-876.963950785
1256.601373338
1392.254013710
1783.833146486
1450.015038306
-1663.121600014
1847.098312902
-1563.961374494
822.516218490
1015.972975990
-1219.345114914
794.608694699
-1323.628626435
-1568.490500343
904.884899801
-1142.897745914
-2222.227877811
-759.486954288
-1746.710735137
-929.076453632
-1732.514861900
-1244.549047904
822.516218490
1398.003675427
-759.486954288
-794.608694699
908.112586459
1390.227116484
875.651134163
1535.130209435
-1474.698203580
-1311.284323910
-1019.586239557
-742.315711716
1979.006918516
-1910.367696845
-2138.511577732
-1492.532028065
1389.450212396
-1057.881475818
1564.711219877
1168.212101389
-1744.741802640
-1122.092782645
1310.943410101
-1020.818191785
1773.375140473
2136.721688576
-874.748414750
-891.737028311
2332.083256471
1378.491669769
1219.078049619
1623.638412049
-1032.869415419
-1444.305404871
-783.827519067
-1953.710736219
-2127.503092572
1582.011828317
-2058.755167079
-712.041311319
-1502.477110369
-1372.193687382
-1638.564866569
1239.421512509
785.847050149
2190.209445995
-367.805716106
2235.683678589
1470.470942960
-1876.910576100
-1314.238888078
-1466.210350553
2721.106073518
457.564831035
-1539.074601257
-1375.801982390
1172.011122068
1415.949782927
-1859.331310741
-1940.268523728
367.805716106
-2291.939535021
1151.977866807
1272.098605715
1684.148977602
648.341571781
-1441.605980711
-1678.574161332
810.863795253
1107.008382709
2419.347759865
1110.728747017
1048.780729056
-1462.015070597
-1434.709904166
-1724.015062384
-392.797835590
1738.941545099
1666.457729039
60.819794367
2277.015697486
1310.281647179
-781.140296051
413.807253844
-1539.692910238
-247.754109978
-60.819794367
-1415.657221364
1554.350532809
-1215.163070511
-247.754109978
-2257.645588668
1653.932382787
221.554742024
1284.150681554
-1322.667192851
-1200.714128607
873.275364086
-1266.099014623
914.734541793
673.786578542
-931.926491283
-816.123723634
-1398.776192446
-1213.720397431
2401.745655386
1316.921430247
602.922851791
1262.514612030
2243.746101918
-2071.163899687
1203.118088007
771.077212880
2051.977358564
-1130.994934579
-1724.727496708
-1842.497666353
-1425.759809926
858.552471159
2523.255488754
-880.136013093
-774.778665950
1897.167857235
1234.910432525
-1077.366220410
-1926.830193305
-619.459246859
-1561.517277228
401.828696207
1140.054177536
1433.989167650
-1909.984294900
-947.643842108
1095.152240355
1268.772433969
726.711458185
1450.246929712
-808.548539146
1350.783370334
1261.412887794
619.459246859
1343.326660092
401.828696207
1134.428756307
1489.199117974
-808.548539146
-1445.132781750
-1335.695845410
-1127.456637086
1117.643178754
-1142.456436543
-1147.336258205
1549.300463194
1519.612392116
-636.530048741
-1284.450883118
905.652390576
-1220.751127541
1683.775810234
1744.237926011
1802.912215040
1575.953388626
-1651.130417046
556.617027049
855.351386678
-1904.900196160
1428.214299351
-1392.781426736
-2240.547421498
-2331.880477190
1223.144292507
-855.351386678
-1798.786956208
1582.047058796
-2137.144402074
-1634.653214934
-2043.217742912
-2218.265125720
-1673.613762829
1862.203381980
-1786.946369611
-2031.513213147
1412.817811302
1981.497339931
984.840083381
-1896.018015627
1577.752004119
-1955.472159767
-1820.485864402
1966.780534840
2366.289070933
-1363.102198742
2343.904414613
-3226.000553169
2653.173462224
2001.848155507
2172.855200229
-1709.463775247
1479.495496859
-2208.492451483
-1440.489052150
-1787.913844961
-1869.710535135
2817.208790075
-1279.889616227
-1766.838728859
1490.065053237
-1552.223359427
1930.765514401
-2310.878048380
3068.038188257
-1913.818727410
2093.791977635
-2351.806257515
-1565.454562750
1759.350949207
1082.914195540
2056.683684972
1085.812953250
-1514.568331458
-1429.461628813
804.462531877
-1685.463597321
2194.080235771
1031.019579385
-1170.576502703
-1173.671592882
-1119.792473335
-1419.222446447
-2196.737533399
-864.573508938
-1768.436632276
1268.793875657
995.024226066
1506.020259047
571.175650616
1363.512311226
-1456.267780809
1252.725880129
1465.437666913
879.398096613
883.862268269
970.498710286
1852.081839977
1050.235395971
-1388.423922306
-933.874141660
-329.102182264
628.035391484
-995.559641152
-691.768952194
494.533581779
641.796038803
-432.471265776
-900.679959644
-399.009738814
1184.019244714
1050.612760522
763.372959093
791.689871691
938.762256198
329.102182264
600.691127478
-942.945773360
-786.820958211
818.768075977
-399.009738814
972.996128751
1450.116615185
416.604892932
432.471265776
-1168.779531495
-986.775357082
1481.856480405
1230.859911451
1140.654478556
486.804435577
-1722.625441431
1028.843963369
1209.200102864
1581.614492673
1685.354132043
-662.076265981
1423.704410404
1964.219271868
-1084.388464904
-1224.318733062
-1841.871301772
1130.813039811
1135.045633818
-1259.119097185
-1369.079569509
-1286.833657432
-2186.539259032
-2056.149046858
-1805.030805525
1629.320365869
1708.683542568
2279.467502957
-1008.089181861
-1450.355267578
-1276.464568613
-1249.067136443
-2065.917411664
-1292.396286741
831.754683591
-781.467795922
-1935.480410724
1922.266533330
-1416.691283516
2074.453728771
-2156.529421287
-2259.747464334
-781.467795922
1393.095408679
-2497.574551238
-1754.615429763
924.684285254
1217.638223719
-2102.981289328
2203.350829795
-1821.580616164
-1408.680220778
-2027.643491449
-1156.199492425
1963.823042333
2675.526708343
1837.337439835
1291.289994886
2006.317429077
1651.381822555
766.322046397
-1424.111609165
1072.806350082
1710.366114156
-2097.303025644
2179.064913228
1528.534789812
-1278.650322323
962.304350134
1727.447231823
1444.066439104
-1835.162590709
2520.243553286
971.734758919
-1991.892283422
2007.739560090
-1482.957017018
-1633.155145233
1307.247464049
-1701.557303129
-865.495638774
766.322046397
-1425.733211775
-1276.300806579
1852.132821546
1506.753044420
1947.295811240
-1286.927666812
855.577124403
-467.136283700
-1747.010221167
-2057.301887695
-1529.075331240
-1180.211847751
-648.513033616
-1249.312364791
1142.460471697
1302.042650528
-1055.497640919
-1929.970404625
1567.312252254
-1051.584747632
1213.915031640
769.902555209
731.977599805
-1852.883234939
-2076.602769263
1408.178339201
1165.435435670
1300.545841651
1126.175912096
731.366795344
-1842.181057234
1457.350238230
-1679.264922501
1403.325133362
-1425.472057893
-467.136283700
-538.395142666
-1638.298445081
-1535.669901241
-1108.389899219
1020.545084000
-944.524011377
1704.442276168
-794.062003556
-1537.987108143
1665.907774304
-1156.192156107
1512.795482998
1402.648748081
1379.693768018
2184.408208691
-2179.459396717
-2270.532103149
1008.142334067
-1154.605286762
-1610.073545046
384.707792657
-710.459132031
1345.307570155
1062.261124842
-1597.351142193
-1353.985371045
-740.540775923
553.450149841
288.500791541
-1025.391685449
-1332.993595054
-922.852015619
-296.525599422
933.446411193
-563.952685412
487.052144263
1371.880959727
-1229.360659878
-1686.068548997
-126.184553423
810.670293175
785.444862724
-277.969317786
-256.642485532
-605.737067962
256.642485532
126.184553423
694.547581754
-293.148134394
-277.969317786
-621.673532365
674.066338800
-1629.592476433
286.854259973
751.573140625
693.726733752
957.575385204
463.974199177
-1176.602734545
365.986917448
1142.519758322
987.511922080
1098.620050511
-438.448623216
-491.838011159
1191.564554050
1281.896256500
713.592571896
-617.403825680
955.200252326
-485.424608242
1378.402070943
-1465.663571742
1419.491483950
-844.720234221
-904.812730747
1370.701474809
1472.882047327
-1715.532060117
1624.849451455
-437.945613606
-734.047163638
657.670134297
1069.528423482
823.652511150
-1017.500024759
1341.803370543
-1399.111524565
-646.585050737
1895.728870807
560.443382754
1615.795367410
769.780990831
1217.155837366
494.911573671
-1644.730090041
-824.437167308
-1199.828983478
883.421282868
-1174.692169712
-999.682468849
-1762.987718997
-1959.214357451
-2361.724549763
1646.841617746
1689.116926585
-1733.893889418
-1979.885578057
-1744.582043279
1136.536250495
953.834171357
-1454.867324187
1294.008689924
1461.669242352
-1302.283667331
-1232.153849564
-1354.050250618
-2012.031541297
1272.767801151
1372.665588585
920.737810353
939.528452988
1031.530391257
-1933.767043779
-1533.171116729
-1174.350466459
1209.986741322
-1661.263054409
1260.489352421
-1587.371473308
1503.959208078
-1485.439860607
-1501.130829106
-2630.441610889
-692.686432260
1294.536100393
-1233.148531410
-1235.083548837
998.632489400
-1960.470365333
2199.449362248
-1320.710140335
-1799.371193120
-1741.682596893
1109.305258332
-2165.002394240
-1492.562667201
-1446.986405903
636.691983806
966.019293288
-2197.856145522
1606.687535934
-868.330800564
-1141.858085524
-1290.871042268
-1674.276083176
-1713.359114838
-529.043368088
-1159.853650097
784.077225497
1376.386308224
1005.545252890
430.084233236
1608.396998059
986.676101156
222.201518877
-135.249828144
-552.767143977
-390.125558602
-657.883796487
890.830684791
480.967634479
-920.738897837
-1515.853900026
222.201518877
-135.249828144
-490.043400964
-657.318783574
-1605.803923266
1504.898815850
-185.748851375
-295.524085637
176.045504490
135.249828144
-1493.262539045
419.668950399
-695.169067275
-497.772938292
436.990406808
-781.035409607
-1163.977062962
-760.979210853
-1237.652736768
1233.823714962
375.906336861
-1198.407154030
783.258268513
-895.604507828
-1575.368551033
-1188.357089173
-575.784271941
-1010.154631863
1524.842151239
-1091.308681596
1498.146913759
929.198125090
-940.665083864
-820.291578130
-1540.571732880
-1831.792758976
-1862.071086217
553.945159562
-1517.853880565
-1206.219507322
1865.459584914
1931.954519672
-1459.599431884
1777.116316346
-1163.812720212
1741.269226653
1820.197387434
-1095.200565443
690.906241355
1639.831268302
1373.116952613
701.120097718
1153.783551802
1303.340570897
-1490.352117358
-1351.650439497
1540.884539361
-1749.845857578
-1049.761083213
-2371.566982066
1141.953347428
-1969.867709484
1498.945553536
-2128.841539038
1485.014304997
1077.407611707
-2152.362887482
-1665.898751504
2004.545399861
-2022.580223431
-1904.479785642
-2095.467995995
989.148981657
2895.036448086
-1404.423012588
-2583.106884576
-1743.313612148
1781.958987188
1630.632025660
-2088.859127306
-1392.009773388
-1565.520929776
-1497.237447972
-2531.880315609
-2510.349474423
1663.494860552
-1700.167376432
1558.286257291
-2248.088084625
-1362.123061542
1601.270580658
1544.741787105
2146.204523815
1360.711210770
-1614.030373043
1801.902793247
-1325.688163999
1673.794352934
-2717.314366649
-1753.623760379
-1032.000711117
-1740.602174964
-1922.241976936
-1353.748953794
1744.862755871
-1036.913491875
1174.381800194
809.541360108
-2546.165882514
1475.297159970
-2087.161088505
2223.890924245
-1630.067243009
1039.882691395
-1147.669030219
-3005.326160778
-2698.412959086
-1069.749344011
1381.354134396
-1155.008845930
1884.260075333
1586.563919484
1974.598755333
-1273.930253345
1283.917902154
2277.990588417
1759.075797615
-1729.808028521
-1143.064044571
1576.108097092
-1281.047246217
-846.411522308
-1448.945779703
1029.779389253
1229.784605852
1032.462190225
-1168.248215915
-1852.019034571
-1608.576529279
-1837.641907834
-1463.321249310
-1127.546082077
-595.795991811
1378.942723583
-1138.568620784
-2064.604918077
-1210.912017595
1029.779389253
-672.687331766
742.320610216
-2170.301453664
-1529.280812994
1101.593053163
2129.136241050
-1870.557799310
-927.282902525
-1724.334881245
1289.971823375
1889.665874023
596.736984089
1861.478854286
1720.373285292
1040.496763746
973.855856577
-1386.289987331
1083.286819111
-1334.878001107
-970.668991263
1147.790994166
-672.687331766
595.795991811
1271.697135170
1053.271738116
-596.736984089
903.849681688
1163.240496984
1642.132269459
1279.835822133
2087.841915423
1858.601940226
1594.330855470
-1753.912904267
-1149.120660477
-1441.198399933
834.202271007
1533.518301240
-1756.157931080
-1004.650457656
-1764.575787684
2133.887092609
-930.596584422
-628.776162779
2181.863990051
-1907.235103890
1166.183760817
2179.819249521
1069.473467126
-2179.749610523
-1767.171570766
2559.933070965
-2647.911361381
-1432.101148036
-1422.274255934
-1365.788375368
1662.680153029
-2304.427894481
1455.537330670
1705.171311842
-1355.076783468
2038.353619143
-2015.408933733
-1390.267410591
1676.546609498
1371.508091333
2647.347310895
2872.993420387
-1248.205871754
-1753.134831670
-1931.431092108
1311.357718942
2264.226251326
2076.944619783
-1650.921305080
1403.305068247
-1986.948227048
1613.454558958
-923.191189956
-2018.706762375
2353.287644707
2035.763258480
-1226.466079732
-1198.002533017
1173.854431843
759.964878464
-1218.487693627
1677.307121135
-1592.702458916
-2185.829459199
1415.184335500
1330.935100631
1575.353358330
826.820160398
1171.079930377
-1350.677007466
-848.160116447
1524.454702689
1381.806832403
1210.293039424
-1436.688735957
1456.810866649
1128.659700112
-1124.792366586
-771.690944585
1765.323193362
1244.462138673
717.867582230
-946.793930187
886.079452835
855.757645881
819.531546679
-1143.824787702
-1675.542190393
1102.123441896
1108.813639846
975.775405541
423.691588174
-2300.557066236
813.490989813
-1778.921021832
-1028.274540702
-828.529940834
455.663039727
-1445.130337074
1985.257317122
1195.095303964
-556.353046282
-894.790925572
1568.427596473
-1218.729504277
-1531.874590393
614.564489293
-908.223423800
898.957276840
1013.304270873
674.939023267
-355.351715661
-87.570345053
532.237853798
848.948746049
-743.441159292
1350.199172139
-1012.222902215
-738.570150598
87.570345053
813.278229401
912.569596215
-915.007682722
-1227.336548228
-532.237853798
-555.233467314
-541.166637305
-801.805237514
1277.750415604
-1773.122166508
972.786771633
1142.146152628
-1391.717445958
-173.195407862
1009.067576928
-1065.762045294
-536.364702906
-537.851947749
1807.311052757
905.508540114
-275.878819016
1309.293979434
-787.273492048
580.780875824
1088.698243343
1347.637834142
-798.332194239
-857.912759253
1673.924489119
725.404635428
536.364702906
-1233.963198780
1203.034316271
-355.351715661
807.674676451
985.564624051
1290.185497719
1620.450368260
405.371941555
1254.931523041
-1586.728456552
1191.092958525
-1138.706778886
1608.855991001
877.826732446
-1196.156203577
2014.886286497
-1169.433135673
-666.796839133
1332.998446931
-1549.759224378
-960.791671528
1591.123943345
-1340.168958536
731.189032517
1084.852461041
1213.854178794
2057.711673892
-1593.626246424
1671.031137414
1209.407792780
-1584.581416328
1320.748511182
2445.472035648
-968.142632806
-938.070071802
-502.607569822
-1435.045374769
-1011.358801214
-1264.101472750
-1018.609680955
1728.925102590
-680.827503356
-1497.976970119
784.020174217
2144.258546165
1268.075570967
-995.071662931
-1934.903261523
-443.310608441
435.193506820
-1219.884865575
-1038.210999606
2466.600396823
-1368.500897585
1206.982862977
576.071982160
-431.924570858
-1845.337269461
-970.531775047
-1060.122331984
1238.205088622
1265.666092077
289.164026251
-744.853623789
635.520053878
-694.991161171
2003.094696740
-631.939008541
-1930.499390261
110.192704535
-1051.500431064
-1042.766892274
625.540783941
-984.867357251
-263.772289800
-1021.383624768
-110.192704535
-341.520586829
-1038.311850879
692.468350205
1409.234091128
-263.772289800
-1569.872565968
-243.662365224
-285.754398854
1229.972554930
-963.001922845
1239.877003235
-521.748810587
-1604.577316667
-535.884016125
-348.298208473
754.998713098
1075.870061323
-2064.776380034
852.406301566
-1575.444628189
-343.231777142
-1745.492756965
1049.090589057
-2291.745682433
-1303.787974379
-1008.066183466
-1097.873209929
-1440.516600802
825.618096588
-1797.523266090
625.540783941
1470.109892699
-1498.062826349
2203.675190195
-903.734344671
1167.349265006
1199.524957300
-1453.239830252
-1808.851308857
-1516.858721883
1523.129420322
228.554872391
1367.307210184
-1983.009986659
1636.472025972
1292.158532257
-459.686632256
1530.879150360
623.812516550
-795.989077826
2544.850671039
-833.301629739
-1426.290380901
-914.434203880
-2221.534416268
-1225.781089495
2097.193343590
1755.593844059
-1735.856625582
-1600.639064401
1147.851013019
-1455.353195576
-1032.789994509
-996.885829440
1023.483941807
1962.755227579
-1140.019703703
-1205.024244410
2222.282484582
1066.312639447
-1613.330050812
-1173.257765760
1472.577148599
1154.673049541
1499.320444877
-1376.523550354
947.043572748
-1710.075357998
1676.441652342
1622.947871073
864.441579341
1461.100119316
-615.104994926
-1698.501476993
1570.738633866
-1965.441206765
1088.192151959
910.473880729
1300.655333310
636.894463273
-1184.232182698
1900.683985479
2017.498374288
-1381.939224489
1740.100803222
950.115862755
599.994707218
-1515.882714769
764.479829582
-1079.044502955
1899.168843503
915.529546483
-680.659523689
543.838865979
517.164006364
-1572.304601283
-726.221614693
-714.816514934
-403.683417954
-1522.201047605
192.837159938
103.344440232
656.441851714
322.689016642
871.617524274
-103.344440232
-905.545741555
616.960939948
-894.082146917
-781.261441892
-681.820058465
-743.031400274
1239.958393541
-209.443259776
-571.450392262
1929.279792874
-695.584580684
714.821167175
209.443259776
475.281151003
595.066284494
-802.674821362
652.740223625
-829.816834808
1976.339989204
455.185604534
-908.942658896
-1860.251380827
103.344440232
-306.086019919
-771.653661324
-943.759815184
-1177.924019953
-680.715803054
1625.673496354
-582.726246317
-453.802842735
729.542937635
-1106.672852831
576.022281529
650.984173466
-1002.300068410
1602.295693625
-782.426254894
804.233644093
1640.142070721
564.794382583
-579.136243814
-1309.138937065
1234.167801348
172.010746383
-992.415477519
-1910.430376765
1150.961252738
495.948627791
-2316.471118404
-314.478200179
-860.081326967
-1034.968882549
-1131.928687016
968.397580818
613.628497566
-810.767036746
-637.219923125
911.539198359
-749.653071716
1471.870101630
1330.749056152
737.003472515
-1331.197352690
-1920.913494818
-1225.120392966
-1492.051075558
-1601.614286772
1497.657430210
1647.873245980
-1097.710368397
1859.139294111
1094.446747514
1921.402962169
-1460.531077254
1668.131762015
-1317.216024887
1568.875039483
-1773.583282217
1739.498455146
-1233.733190541
-1481.078698683
2047.491294967
-2416.789938349
-1929.943652155
-1147.787733250
-1653.701225857
-1532.912784103
-1878.141228486
-1825.171154651
-1989.229747118
2390.930657333
1869.532396526
-1650.193994202
-1879.823841505
1593.900552841
1705.594944909
1484.373552185
-1746.838213108
829.101260781
921.648623591
-1093.629554660
1514.987017412
-1641.145213717
-1810.983634984
-1321.117516400
-1239.406226026
-1328.769966440
2326.255648261
-2582.895903599
-2373.949476753
852.352440680
-1410.904857474
2347.135375125
-956.316437912
-840.404899986
1254.162723287
1181.972629856
1679.617449358
1937.038890212
-1654.143555995
1733.048462441
-913.641720414
938.247952782
1147.510874406
-2253.659612823
1270.019073848
1117.937277892
1152.473022743
1683.660730941
-2067.741452171
-852.634921390
1163.866441022
1598.923380796
641.532903060
-1871.007965308
-810.709662042
-1000.112015729
-564.568323819
1554.121814760
1758.313178601
839.257045727
-535.571059486
2010.903474105
-1880.337514550
-962.492814231
712.873797542
801.250876069
1384.731481001
-745.301481592
-904.398204620
1421.803540598
843.066169900
-361.168826624
692.828661775
-538.358876843
-535.144343646
307.792321436
320.127989072
590.113568785
389.118184199
-1272.065993425
-833.661046985
-404.782331243
450.489401189
-2241.649600131
528.542025970
307.792321436
645.733678600
875.102713568
993.749396475
1578.820498268
-320.127989072
307.792321436
-1204.196504990
-432.515299151
1044.369772026
761.811251326
1041.626607937
-827.901565691
527.868450146
-406.822917762
989.910916511
680.202789739
-877.212604710
-843.879871222
648.662362938
-518.653243206
-824.420318638
-1149.460525853
-1001.786368708
-1920.659061805
609.614774050
1102.015345992
-1619.401332701
967.676548219
1165.109179184
-332.606837926
1702.289823472
-1148.489485244
-931.048478184
1247.113164853
-1676.242699191
-827.250075310
-1242.913783832
-1057.898426686
-2321.011311065
1824.493804659
1009.842997038
-820.648546814
-1747.032391089
819.929214361
-1048.093796462
1787.284611431
-1496.776731425
-1467.324797193
-1456.349635430
-987.812640661
-431.270871831
-623.725259747
-1151.216346044
1602.529186689
1476.486688709
1743.443228624
-1281.726183802
-784.589937767
-864.299723397
-1621.922088535
-2125.850522475
-2381.042915552
-2245.529996685
1310.045098093
-1568.591646319
938.627350342
1516.841204260
-1296.209795698
-1392.088495077
1157.096027112
802.326296213
-831.887183572
-1375.479214373
764.925678984
-1510.978429013
-712.790015282
-801.451236927
1739.331391588
721.287122138
1497.096544937
-819.915020768
-1669.870819199
1141.234969397
1138.266172902
2191.241348335
-1095.145963104
1571.851572611
756.799456601
-1293.154498032
-446.059931656
-1411.710549294
1135.820344365
-1526.130635541
-442.740880987
679.870610575
-915.038173386
300.587356704
1222.659953581
-795.180549837
-1005.299863379
-319.618089682
-686.255182636
-1414.781570774
-949.656249243
1261.221108864
611.003156238
-1591.865879877
-586.615984329
-1255.756077434
-875.033780008
876.094935761
-127.255897715
-308.213708195
-160.752222005
-1036.295712016
1524.274055961
694.803987399
330.818838738
490.700074696
345.124538554
-695.903501413
-822.624535915
1432.613741011
860.534579321
427.874734606
955.600047700
-432.272542930
-507.858463249
-106.585092374
1086.945751525
-1041.678899470
176.500950163
717.972076614
-987.602547493
34.738742635
359.351281590
127.602791105
-324.452754986
780.225876119
397.409934221
-1852.908940284
-926.189242806
34.738742635
-456.004937491
591.450416750
101.865819814
-942.051857933
1651.217565204
684.680683919
-515.653059538
77.375739065
671.292938366
-701.804235373
34.738742635
90.472604698
-1727.263435691
958.128080760
77.375739065
-508.376740649
-1101.348086920
-701.489554565
1301.090628701
-447.312931822
-632.740996827
-896.539048510
-1020.144237597
-1141.218245530
1472.265964642
953.255122617
598.616062136
-1501.526489745
-1630.682504279
-326.394455923
875.975880842
-1337.490723651
-452.294726933
-1646.102333875
1026.552773160
-1013.737534445
553.285117633
-780.238780762
1001.602632316
1255.343829575
1604.920236134
-1653.473220419
-1970.792554330
1715.846347756
1057.364342767
-1287.815641447
-706.326170800
949.274513833
-1517.104411480
-884.738424136
-1138.841852035
-1119.246019680
806.753597929
-1859.655739868
-2332.535192176
665.904228761
2555.354049927
-963.610517800
-1664.816974609
-694.425943711
-1027.678365171
1725.278595649
1176.006847127
791.044980623
-2088.488825253
-1244.817377908
-370.590098974
-1036.028143595
1162.213567864
960.294863934
-2011.458625127
1500.640252832
-411.199019723
-1139.372102369
919.097809945
-678.957134720
-770.971345473
379.756282118
-919.093043455
-803.683476391
1731.581760940
-693.611960574
825.138734060
-494.464357409
921.870481426
1112.469586833
664.612017036
-589.861705783
-139.411660451
1359.944035850
1643.520474052
281.934580380
1294.876009840
-720.584172563
-457.690787306
-1048.154681598
-237.438663950
-1033.648351023
-691.924823944
-796.257739153
657.664371531
-234.387625162
411.381861167
796.003444062
-139.411660451
467.372905030
834.889830121
948.753042726
437.498441484
-1426.285166392
217.742562586
-791.231213075
-752.591250878
-1482.408477890
465.460689036
-1891.413135296
-366.782054505
-565.277362849
-666.610758481
690.682125403
-743.276234539
139.411660451
493.012537309
706.073950966
435.701494986
-611.389465521
185.488356316
-185.686726213
-1092.485933664
761.546781181
-1520.839855961
53.089493891
114.135373251
-1002.866167062
-1196.891718610
525.642961998
-621.103012972
-626.130057927
-45.571341987
114.135373251
191.115829443
-837.927984857
-557.567554883
-1284.084906756
-1077.351231458
-1652.940708182
399.272363791
-397.205101513
1499.876044512
-912.927630428
665.831730728
-960.416078841
688.356899616
-817.800672555
779.299326940
792.713026736
1002.287202897
865.466395297
1984.943821225
45.571341987
-506.385304440
583.371108399
-2069.173577094
-1089.258722716
-1064.958362559
-1942.431350670
-640.800606868
1064.051769625
1228.549964994
1486.974861675
-1258.254397504
330.697987510
1153.818354530
1797.176966189
1685.710812508
1171.740460206
-1056.302740758
869.436519573
-902.784164583
-1390.978484717
-845.104129176
-804.442864944
-492.104822153
1149.999310021
836.680369378
640.859626525
-802.229738631
900.994414779
1390.442551181
-774.895779502
-816.000351266
-754.251509041
-618.374993518
1530.411619679
-708.873477409
-860.494043540
1034.989443178
606.127835450
-1084.313273910
794.877194094
-1116.519242656
-1426.198294997
1327.169185371
1013.101671767
-1456.692127169
-653.147029962
-2374.575975460
1385.932406835
-685.517083757
-806.009770161
-870.567637014
-606.127835450
-1678.930415132
650.984448051
-1270.824799013
713.282977512
714.124594883
-528.199556787
1077.340427420
805.718985167
1866.573742049
-986.594722477
-1255.565025758
1533.581291703
882.515648900
682.329915222
-928.724545906
-1416.415860659
1825.662322079
1170.780669420
1312.423648387
-1426.056470371
-1201.204164716
1160.762821534
797.771913923
1060.819598037
-1419.488649791
1454.233909048
-1155.213968123
736.738724474
1206.844684223
-715.532574265
1508.349584571
-713.282977512
1536.517689690
-716.985062976
-1589.336912455
-1881.790538104
-650.984448051
-1232.413192513
-2355.376773150
-1051.767327561
-740.748511961
1642.129211794
-694.583115635
2320.796964731
-2115.896584048
-1573.774831063
1013.373375335
-1520.069293902
1705.066793020
989.612602662
-1490.221734211
1070.180546513
1234.443678627
-1399.262244153
-2167.591896787
939.616889554
901.550642275
-1769.394138617
1070.180546513
1498.847493303
1909.709032143
944.079486384
1241.108907144
907.099037622
1913.152824165
-2303.014050217
-2084.026597740
-1853.724635291
-1640.091613282
-2380.870501768
1541.920356011
1139.245818960
2105.033094085
1673.404904230
-1565.906945193
896.544023033
1967.767210123
-1325.723786677
1054.658720557
1878.798118889
-1460.587026319
1447.108188213
1413.843409827
2586.568508584
2787.850550054
1592.418032048
-1480.202102913
-1816.764164737
-2102.404781806
-1721.746627862
-1557.383882928
-1322.993687747
1337.036104205
-2085.350038950
-2508.612940965
2363.696912777
1143.866773874
-2004.588584077
1360.514447104
-1588.839894907
2967.681202149
-2622.054274860
1371.305841536
1873.274720872
-1214.818867762
-1653.620505867
-1312.842670735
-2247.969511304
-804.496510371
1996.683958641
-1707.402948487
-1411.149617941
1285.798041940
1493.144637652
-1774.789819847
1306.971501593
1245.823067084
-1508.679123881
1872.913755567
2011.976039231
-1137.097647679
-2297.232549760
1018.060256386
894.397190575
-1150.793070223
1221.351311121
897.836053396
2005.225703703
-1152.900712602
1806.426125538
1282.106990702
-1159.740742494
1132.564709044
801.079162156
-1511.647976814
-891.097255838
-1347.306203772
-1208.697110554
1181.313344958
1095.003831805
-1590.080491336
-544.391880653
924.299354419
-857.529110803
1077.648367318
-712.996109468
588.290559412
-1440.184347956
-1032.303689071
1358.803407061
-462.519869703
1428.467915157
405.533863631
154.188781427
873.833836511
1936.485817167
-1142.662697305
-1446.289260960
1867.463854314
-189.079908382
792.125289797
-400.454500774
-714.718500453
-711.286185854
-1419.751001308
1705.317402312
1159.788399765
-1327.936713207
-1757.554802054
715.545227037
-1878.828571257
314.709724588
880.561838553
37.654537460
-1303.260487434
371.061517478
-62.234781281
62.234781281
-615.243598018
-65.316814166
-423.875963992
-22.523549347
475.295250726
277.818785357
-353.555919279
-178.712414236
-37.654537460
412.298546330
-22.523549347
783.215395162
-634.504443440
-988.700866704
-119.733724536
1284.801619313
-253.028051912
1198.882642342
702.564968565
659.965328840
16.793728903
975.279678171
209.164752204
-487.181996206
175.512514547
755.276109449
-278.874041903
-16.793728903
-671.130471338
78.359988307
-461.310205780
895.094141786
1638.404326737
270.622418198
-27.164833535
-1497.223187979
-669.459097568
-654.475808458
-547.626186063
501.424163173
124.376821608
948.278171864
1055.058562424
-976.371793628
-1538.078086521
1082.134508675
-746.950224661
-1653.249876464
753.535756170
371.625192945
-1050.421974253
-542.733730076
962.552679316
1168.276115330
1581.918027013
-1161.627743446
1146.402495702
874.822503236
-812.910207856
-1346.616108158
-977.725966580
-1844.120147306
-1839.168461792
594.389284663
681.508479030
-669.278993182
-692.254708550
-836.320001087
-1186.626089023
-815.980255933
1912.076455169
1025.313744804
972.861970464
-381.444234164
-834.413767562
639.213691897
565.747448349
-1141.885169701
-1326.761666458
664.741439857
-970.852557354
627.226738924
963.384446656
-1318.559480797
816.887092080
576.732202933
783.137948627
-1180.405504656
1155.277580751
-1054.383322922
-1074.813306632
2124.295814590
660.060040350
1300.402001644
1404.000935057
1738.377059066
1611.877672581
-777.687217983
-1875.145108522
1750.169377459
-1460.222013904
1568.065033498
-1716.709047255
-1149.225716669
1798.170582920
1709.453867270
1911.750995826
-1638.254161733
1124.962029489
-1230.977490105
1910.320104763
-1973.151396256
-2498.929738503
1296.622763127
-1851.341545522
-1463.875374811
2901.990374784
-1238.578052929
1816.524429902
2269.513624098
1568.414714048
2072.793391481
-1739.185903492
-1153.996169354
-1929.873474360
2192.711830928
-2264.660378984
-1590.299681454
1212.942827551
1187.521521541
-2673.425685411
1375.465764501
2323.284492731
1248.695690207
1922.771221785
-1930.016113599
1093.112412416
1747.044222874
2158.929715906
1810.382869571
1344.739163261
1852.740629514
1865.375306621
409.496289604
-2012.145053762
1555.626225055
-2099.131800410
1635.361564410
1329.111886334
1624.691319821
409.496289604
-1088.752368711
1579.510010124
2101.521139971
-2770.210970903
-2016.167810584
1566.103519078
-667.817735024
-910.063690816
-1642.822099587
2361.422234104
2944.336926813
1596.775555005
-2154.610433674
1352.050601482
-792.700916575
2127.404022005
2943.667329257
-2527.307765692
2091.624361573
-2469.640980719
-787.439406969
792.700916575
-2675.082642958
1978.839662992
2462.341134827
-2346.280944943
2137.713731173
-1783.389027853
2297.769187200
2549.420540690
1506.717462676
1928.373694442
2563.173708054
-1770.129082697
-1534.701907249
-1574.021757882
-2624.677453448
-1483.510634847
-3019.297057556
2573.184522522
2255.410327078
-1304.413686325
-2352.584641718
2913.555774504
1862.290690872
3143.516515342
-1846.105859985
-1743.250107934
-2972.587260468
1964.305223621
3455.021646984
-1399.828705064
-3114.038204247
1814.329585246
2777.035087039
1719.018448825
1701.688244299
-1843.868349576
1797.673845841
1990.604821318
2267.835411024
-1382.313225100
-2000.021620475
2012.529864273
3366.701709727
1071.629477868
-2051.613403649
-1646.852209347
-1265.083073779
2960.368187920
-2167.296091145
2864.642250655
2080.451492595
1695.606711075
-1675.194376182
925.413410510
-2836.466208156
-1915.281179695
2296.233263982
1604.457103425
-2488.126876127
2421.475171636
-764.728238243
1680.356135021
-2205.695277871
-2313.931570542
-575.060617000
-2051.906064637
1103.811640507
1007.642899772
-1905.469382640
-2148.621523344
1523.868373148
575.060617000
2532.794483882
833.940298319
526.258845185
2431.768460234
-1964.427488735
1505.199492284
1030.188583665
-1924.531391634
1433.050860449
526.258845185
1683.600644332
1612.257683870
1272.519901107
-582.623522232
3240.850752226
-734.433303874
-904.954417462
1258.937049709
-2203.799964949
1370.968618872
-1423.726368662
-1646.285604503
1748.132323112
2021.987925745
1825.946695760
2375.495423039
2033.780668689
-982.450449994
-2861.765186108
-2850.089510320
-1389.363570302
-1832.251297086
-2409.272957819
-1357.422533228
2020.013000548
2154.186485816
-1840.683506005
-1605.879285880
1526.360911487
2011.815228486
2217.140681559
2091.459558592
-2080.219033180
1241.270648907
-1228.725079056
-1264.497654203
-959.845963425
1509.800477492
1481.584596015
-2586.267418273
-1348.322729637
-1612.462438211
1225.761977797
-959.845963425
745.308984135
-1392.351410689
-1588.494015919
-1730.046422876
1771.677657603
700.795546084
-1153.884640429
745.308984135
-1686.897976927
2360.195362064
1298.178518512
1511.835205241
-691.082579645
2042.585309790
2090.243652252
-1484.013298995
-1688.368846093
-1298.178518512
-1223.583329133
691.082579645
1214.780663506
1365.530853162
1763.378583886
2125.697009975
-1475.898905562
1501.635912124
1113.329390625
1217.924454517
-1539.529523854
-1734.840891569
1909.283695811
-1550.097329388
-2152.031790589
-1064.536946634
-1648.734698273
-1806.450127603
-2213.329121833
-2968.257363779
1692.853210568
2393.990517767
-1297.068613879
2568.855961646
1486.448509861
-2739.842230087
2143.505810089
-1420.167828846
-2144.811854765
-2345.599732138
1784.167980776
2394.164305906
2111.958635809
1879.711927637
-1612.341965231
-2942.988405949
2486.263319146
-1669.457901361
-1983.592489144
1646.968741397
-2664.634307125
1949.947115288
-1985.503403142
1092.209296458
-837.978461875
-1836.369884175
2288.186071408
1464.500883632
1924.163463608
2297.651001401
-1189.004814720
-1106.990430163
1416.777793395
-1565.467280958
2162.362551372
1185.431967262
-1361.340738429
-1804.414449531
627.381293043
1678.669999553
2210.769639016
-1989.503977005
-1185.431967262
-2110.171162879
-1209.906267915
627.381293043
2281.360366821
2984.499106712
2307.979576627
2188.839997400
1158.558268476
-1312.096005616
-795.209535021
840.688391102
2119.306112169
-1829.071845788
-1679.788451368
-1352.705987634
-1382.995103300
1398.932427511
2051.642341394
1846.322539325
2138.992234096
1445.972820702
-859.019233735
1334.198239428
-1809.317671268
1324.929284841
1107.869321142
864.623559747
1231.609133887
1789.672536094
-556.814396338
-2011.530939089
-1059.375892166
887.760356414
1168.214334806
-1267.185050789
830.127266157
925.987832636
-1045.819602886
660.492716568
-651.966255842
1145.387790562
-1303.246855924
1468.718754923
891.641468087
-1834.645278141
549.371930741
1072.771605958
-2081.489903764
1849.494239836
-1419.884461889
556.814396338
1669.041930126
533.416462760
880.632984567
-830.127266157
1861.935005729
-1535.710372943
1780.078753830
1379.543258785
1212.462574179
1875.430186850
-2006.214157931
-1024.572180435
-1419.916584026
-2009.247840287
1320.112496010
-974.202468073
-2230.524835902
1241.184113403
1592.300415787
1320.362258494
989.946699601
-969.161889711
-965.122908722
1303.697867308
1149.541690677
1979.474954962
-1757.068038470
-976.529117084
717.060517320
1210.526786636
-1889.605106412
1531.020622389
1358.023850124
-1239.828695846
1673.614721572
717.060517320
533.416462760
765.940730751
-1430.420568418
-1353.580638502
906.383725108
-923.540376141
1665.249929385
1256.291778282
-1334.670985585
856.224868713
1716.543531079
-1525.286831035
-951.845157507
-752.092002086
-1694.439422319
-765.940730751
-1258.444629771
-2051.833733251
906.383725108
1569.127241802
1533.750493896
-945.934522134
-1448.017555397
-856.224868713
-1951.867569605
-1041.924611365
-824.014239221
-1003.282538370
1598.390141770
1314.625318498
-2198.758164489
-1468.356755557
-2367.176546270
1475.554486760
1522.015976259
-2153.911711900
-1536.368011525
1703.668168067
1269.692004161
2432.265350822
1811.358768529
-1800.611241467
1574.684409767
1970.774298494
-2257.669627891
1651.031786592
1032.787161801
1646.722232973
-3340.143015263
1661.359068816
-1429.932033746
-2996.738775890
1569.471606736
2257.371876956
2007.554965757
1369.206534626
-1853.820877438
2317.278140527
1988.985871631
2767.850030409
-1877.241637568
1778.926670228
1656.874129515
-1735.366690057
-2984.358582265
1550.200660190
2357.811587196
1604.113042979
2258.529916624
1782.754218469
-2923.872375403
-1928.463378844
2249.509019504
1853.392415335
-1933.523307743
1285.851477307
1461.820066488
3086.484876042
2157.416656986
948.623057559
-1864.631655061
2577.633293449
1723.692885757
1520.426614965
-2628.929995712
-1631.226115985
-948.623057559
-2171.245256465
1868.902957960
-1943.464763841
2978.000089062
1620.954356329
-2178.101087140
-2591.038706106
-2611.841372949
-1389.631603153
-571.650401509
2714.313649525
-2127.207031141
-1300.241450799
-2697.562849722
1900.203370900
-895.342286283
1555.659464640
-1991.035570676
-1648.578250540
2251.369157322
-1898.896878938
1193.394515484
1378.140713033
551.100509902
-2542.004069513
-2289.225868891
-1586.408439136
1268.864518824
-1702.142052592
-873.025939919
252.065768047
1522.521636080
1856.583171502
-1259.420455003
-700.962575477
904.329173727
1496.075087002
-252.065768047
905.491619992
1093.413483697
2162.936091687
-1674.744171609
-2255.205677090
-670.633320366
-638.660492215
-1533.195892759
2234.025420533
1398.987414533
-569.032861912
-1790.294056836
1353.487916391
-1477.283332288
1301.361231306
854.402611045
594.050253864
2203.389398707
-1261.266592235
1065.270737486
-1426.533303904
-1033.406126278
-1407.828219421
-1672.606346798
893.756846971
1742.448203311
1260.501173875
1251.096260994
-1124.518309095
1732.178110397
-517.034661189
423.002487098
1296.049502694
1068.890476921
-1782.561655791
382.715625365
1495.116905413
1125.966894107
1231.618089407
933.438296479
-820.981933836
-573.204268341
-382.715625365
-784.115844600
1346.129013642
718.237211878
-947.013830967
748.101383265
-860.269311147
-676.131086549
-1297.313854558
-1119.417072583
-423.002487098
-1980.959121460
-1213.072262885
1660.891389091
-570.707009169
2034.805142927
1705.685205956
-877.996881072
-1123.908516992
569.730605618
808.085856008
-1136.379172392
1396.236548138
-1030.171234933
-1147.180011918
-1320.206014185
426.941335889
1031.060993950
-1109.843765060
1437.296043426
2405.039177084
1071.698781062
825.409766715
1285.493216840
1213.557126764
1340.852686772
-1635.099184661
1301.398675468
1525.942330579
1294.579204081
-426.941335889
1348.900296548
936.725460163
-1365.808971166
1393.168220334
-1185.929174034
2262.049094985
684.755973308
1330.383948710
-1407.222794551
-2384.380713775
-1110.149033761
-963.085320890
-883.225354519
-607.989207422
-1168.804804111
-990.399482631
-883.271304064
-1367.343790312
-1467.802180675
-907.171848272
-976.688169005
-1012.948056892
-1574.721719297
-935.741074443
-2104.872237728
1209.038311968
-1032.083115902
1063.417325436
-1881.899277017
-913.735797817
731.942051017
-1171.579145259
1398.248713219
807.986333874
459.177546496
-854.744918808
-560.987044831
-1587.421644264
701.960808820
133.056627334
-1232.866127518
-133.056627334
2.855887547
-1756.657729817
-1183.355072995
999.720863755
1332.858466314
432.910799174
-470.162433002
211.691235937
471.314032009
527.250399599
884.162082064
848.996020755
-1141.639859209
668.973046029
2.855887547
-1241.790814547
-260.898655783
-1093.581895342
-1460.237557551
1041.849046057
276.180970645
-669.670790629
-944.291778519
-260.898655783
758.528565747
-854.357936041
707.925528972
-990.449173569
897.163729413
-1151.108209065
1082.789153101
-1002.327279099
169.850023708
1888.943936312
934.973456039
806.969929389
1219.766473304
977.276489651
1266.512176146
-603.589171730
-1138.414237410
-2072.404687131
-385.274847251
-528.410857591
1617.000582442
891.104924668
1657.299317886
1096.067697595
1042.520231562
-469.477395009
-1144.551290332
-636.549407230
-1184.397893969
1159.347189802
1037.496821918
1166.865335105
-1152.767463177
2243.478765000
-667.533173216
1256.208906276
653.373883953
-196.282165398
626.299707613
786.194061550
-1410.387556623
-100.039042632
-1410.033818779
39.823215327
622.764732809
2212.090867628
1231.255878837
1706.048140709
100.039042632
941.199632006
64.302960096
-233.134308124
-1883.874915689
1593.772310279
704.871503812
-246.393671073
1011.853403668
-164.762459240
435.903207820
1834.185909910
1348.919610445
-2309.447193177
447.808046517
1993.244462048
-813.272912003
406.106131483
806.354373561
-1400.697286096
2234.582807176
-1332.744281855
-1361.300431580
-39.823215327
-388.089805066
-1672.734631263
2189.269421892
1644.328326770
730.761884574
-1497.749628384
-1131.376657534
-835.107539540
-1203.155493317
1662.605084221
-1305.013456254
656.470346855
-2322.292999953
1916.813953780
1199.138687756
1787.568008327
-2344.096329375
1866.751284781
706.011326147
-1413.118758794
1679.159423025
-795.335999187
-2278.269262275
2971.610267314
2334.742404043
-1673.981395274
1698.268319900
-1497.746397574
-1085.347462032
-1774.451942740
2628.997614308
-2085.727231462
1366.042301764
2408.963083903
1177.561957106
1037.924635943
-1842.348344677
1700.026145228
-2989.370666188
-1644.628285635
1724.797873567
-1461.909755976
-1646.388886460
1857.053297339
-2964.301221175
-2825.327425193
-849.463929759
-2400.385183607
1367.771170087
-1227.094826920
-2271.413247195
-2275.425281612
-1464.594441293
1948.365216094
-3001.585965161
1449.923826642
-1979.614199922
1942.021449529
2653.108645951
1464.594441293
2596.217982531
1911.061135351
-2217.823578247
-2617.377195826
-2713.404474974
1744.463039115
-1531.943086165
2494.130612048
1767.196966788
-1993.160755765
-2568.085254697
1560.107121721
2305.891943085
-1097.486286098
-1775.235375901
-1387.771664924
-1516.005647225
2341.397329673
-1560.107121721
-1915.282391989
-2223.564639357
2280.370771476
2368.515139094
1857.779972129
2120.534913445
-1819.494973060
1183.859201855
-1097.486286098
-1875.278770118
-1387.771664924
-2587.358222781
2327.728695883
1858.537310695
1182.796208222
-1267.519558655
-2886.408978067
-2698.648878572
-1669.872370910
-1622.853304028
1809.493316622
-1182.796208222
1877.458895452
-2266.314839833
-2007.949562682
2943.338914743
1610.704583195
-2142.368292009
-1886.422020543
-1749.282957128
-2079.021440551
1760.754723903
-1725.094822105
1610.704583195
-2072.737492335
1963.354045791
1417.216578098
-2483.798084952
1727.833009781
-2739.861922202
1758.169236937
-2413.561251680
1746.819377262
-2106.748638595
-2230.609095135
2299.315508984
1725.094822105
1859.552145851
1974.931554533
-2279.082739419
1861.588920038
-1876.155887036
1543.448556265
-2966.045362631
-1984.743321727
-2258.613351961
-2077.912734211
1511.154186203
2816.955674020
-2203.001824859
2802.148021032
2596.289070026
-2488.859547971
1740.385421997
1664.619305561
2682.375250591
-2288.184335074
1904.173968551
-2708.733561840
1850.041822522
1426.318669802
1706.926786947
-1700.383447465
-2066.823740409
2686.310790955
-2194.784127190
2437.450826282
-991.368376624
-1500.897467035
1908.405635279
1964.902750945
1961.652975007
2898.103226025
-2075.944207075
-1569.993894476
-1500.897467035
1740.791638479
1753.405370215
-1760.213133265
3096.049168731
-2157.499877873
-2226.170083503
-1772.127201186
-2159.242858966
-1561.857309986
2007.938459230
2522.502513458
2118.054586134
-1916.384058063
-1750.665675668
-2091.872181520
-713.211903015
1845.303261536
2100.147735403
-2567.324000530
-860.349127333
1741.840244442
860.349127333
-713.211903015
-1498.016517652
-2388.238790686
-1463.325702767
1107.245415819
-2087.311525254
2410.659167419
-1576.944430667
2159.040304417
-1999.832196732
1727.054652683
1498.706172769
2800.348876400
1429.336236671
1289.883844042
1735.660853960
-1631.019115064
-1287.648525579
-1998.114664813
2824.456850797
987.234204650
-1948.657423281
1788.699186011
2282.235139130
2977.190835004
1111.927926272
2151.842086285
-881.724400263
-1657.192202493
-2731.788785259
-2078.022164277
-1624.912482652
1922.750631077
1946.627005948
2465.313169322
2407.961490371
-1621.181268268
-1320.997059227
-1776.095135562
2423.290813587
-2174.627647829
881.724400263
-2944.552944801
-2230.879408080
1320.997059227
1431.413408814
-2349.531542509
-2038.293912788
1098.418459279
-1547.333573338
-1694.998204505
2380.259386790
-2000.007191345
1462.390728965
-1718.772456807
1100.010008191
-1824.186441347
2368.597937600
-2495.325083365
810.274433063
-1813.633406129
-1885.879515595
-1144.647936953
-2913.391568855
-2532.137886665
-1422.511974995
-810.274433063
-1937.462454286
-1821.701918994
2877.072590295
2314.847266213
-2301.151613512
1899.605150433
-1158.110264946
-1776.250992130
1477.640195200
-1823.205001826
-2248.089604546
2237.683831313
1805.588030309
-1552.458760023
1732.656717652
1671.629534459
-2516.908114673
2210.937064903
2284.326769725
-1932.312844410
1860.137442191
2672.957579958
-2849.759439731
-1571.671398010
-2034.254716888
2736.794911034
-2816.303045025
-1640.516710110
2353.601834182
-2288.146099183
-1653.955320217
-2655.405136557
-3075.712279388
1852.399538130
-1588.281081917
-1786.198403406
2445.978395784
-2055.821961249
2227.113949619
2163.626710975
1754.171004619
-1603.364126511
1949.510768047
1636.319422391
1550.063719676
-2996.825385148
-2017.777664018
-1792.819537046
-1791.394165234
-2452.444942665
-2051.624398119
-1786.090554369
2084.764077794
2116.617647607
2508.323551133
2743.404718629
-1978.464637638
2587.700627155
1462.947990093
2997.732874485
2409.865559853
-3063.758701086
-2553.711485321
-2433.501164051
2231.918207293
-2502.043997436
1897.267818469
-2462.378296629
-1867.301053099
-1645.970419290
-2677.485619298
-1468.145996305
1601.122378211
-2093.341470517
1904.834974278
1958.703698142
1494.204185977
2445.597595485
1451.112051773
-1329.276862211
-2128.782919785
-2642.606746167
-1081.746673331
1230.718774837
-3022.340959881
-1202.163735635
1341.813735325
1733.895630162
-1753.392840384
-1005.949517496
1766.212151183
-1826.856315033
-1728.004921938
-1197.248033985
-2425.605459935
1807.374152458
1988.303631088
2425.322132179
-1653.604441959
-1608.213680580
-1525.477821590
-2484.084673706
-2958.950732488
1005.949517496
-940.775180271
-2071.614248506
2268.575580215
-1219.614353556
2281.457227090
1430.504509901
1616.713787819
1560.657563073
1821.336529173
-1753.096651590
1191.670100200
1848.755268496
-1430.504509901
-1676.767044172
989.190057328
-1403.446332909
-1905.766203175
1470.409610614
1847.328366764
-2615.350655311
2094.592485112
1043.964187450
-1686.575140646
1177.154245909
872.199119092
1933.735092137
1584.981665941
1738.778725443
-553.403373167
-1403.446332909
872.199119092
-1388.014776476
1898.181796051
2143.277660006
1678.041296249
922.362153434
1759.099496435
-981.543499303
-1537.446712251
1066.642866566
-2181.717155395
1213.577780968
-1292.420528524
2429.499529687
-1138.317625285
1170.093923973
1066.642866566
-1744.219660674
-2322.381098143
686.192114699
-2104.473262508
945.720498434
-895.472130523
-1515.084156288
1151.356285415
-1524.838154470
-553.403373167
1404.788682492
-1214.679909246
1557.936649323
1617.679387162
2400.260751330
2080.731403931
1641.486375444
-1169.528063407
1027.159225616
1409.462607514
-2122.345224349
-1136.909423464
-2076.592327961
1165.873245880
1855.881507413
1232.775162360
-976.464455440
2178.608033552
-1277.466811431
1003.677491045
-1447.200681755
1328.219449380
1595.364936856
1355.153652201
-2049.862898183
-2438.605179100
2116.747096871
1509.161302117
1328.688780157
-930.210960105
1185.928260430
1242.323801944
916.280702994
1437.662266356
-2047.456268906
-1909.202732946
1238.090640743
1043.726306798
-2130.825570937
-1674.286200429
1221.033993303
-1151.846173168
-1681.677887713
1531.640034942
-421.522905346
-995.352521472
1824.334540517
667.502573671
-1122.043865136
1049.677945155
-1381.481862240
479.018373939
-1730.671994185
1737.712597963
-827.843881615
-835.223015336
-552.996843401
565.351709822
361.857628977
-637.246484483
-768.659718772
877.130796980
1655.746385232
284.753948404
1060.822288100
825.124137726
-237.493966003
-1236.913856195
1528.217018087
-902.312275253
341.816862715
1680.725486860
-924.865909473
-720.029574522
866.356672630
872.312567370
-534.988571825
-450.025324006
534.988571825
321.415762693
237.493966003
753.558339562
1049.359236697
1204.026694250
-284.753948404
-1350.611228474
-1081.387302463
362.372406330
1032.583447678
769.586566359
886.899595797
-1941.032898079
1460.151173815
-1630.462278791
739.411377637
968.599982635
1052.223582026
2204.605767467
-1960.411430594
-1062.600992172
-387.350573629
528.314811640
1371.065208720
-1142.996435436
-1740.323026726
981.887606524
1556.301200411
-546.108087762
532.859762730
845.201654336
-1072.450279144
997.929544772
-911.981366194
873.411199832
-772.588781540
1146.801172521
-916.380974570
-1907.260890512
-1346.141161078
-1070.842361017
873.411199832
931.373427014
-708.700313652
915.425482672
1459.335419021
1820.041042937
1225.905321036
1966.626477486
-1537.783842374
-766.346522222
-2520.946544781
-1602.801114735
1070.749522372
1254.127082683
-1339.467532019
836.254470874
1076.281713524
-1774.519323673
1385.725463401
-1245.219576911
-2398.420542105
1003.323792440
1055.198107833
-1307.537466991
-2036.705261630
1064.583718381
-789.405270639
-1729.537137661
-1409.241281644
511.366115696
-1205.394108823
2472.545227929
-476.949835495
748.487294110
-1051.382596331
1778.225238685
1923.708637628
808.041200157
991.546676661
-809.743573782
-1249.585471106
1319.502353693
-1086.655339401
697.631397841
808.041200157
1385.023726675
476.949835495
-748.487294110
-1186.972678356
-1525.006533514
511.366115696
832.309639700
967.238189567
-652.879530080
-854.114543652
-1514.079126777
1308.546736711
1875.602572622
1440.493931052
1101.434916065
1138.904285514
-1951.505592834
2491.322728663
1681.362496712
1048.678565537
1119.302495243
1226.588568548
-610.995747271
1312.950502126
1513.458132636
1813.012019383
-1320.336873965
-2168.108318215
-1516.517558355
1507.841913937
-1605.622269867
1357.237622563
2827.755532473
-1491.133192038
1174.519867395
1732.219418527
1877.062361470
-2084.672684066
2797.931480534
2163.541933172
-1905.269010123
1349.039854046
1986.740275820
-1617.122704224
1839.450492908
2346.884495618
2211.284900059
933.209578997
2254.297479889
-1662.640503513
-1194.636392823
-2625.062889819
-2056.192183869
1988.409609290
933.209578997
2040.992209826
2724.343515992
2005.068931815
-1707.173830589
-1398.185959967
1602.981821065
996.578093319
1604.235591000
-2171.601862278
1388.659322987
2122.123755721
1571.715515201
-2570.206253324
1313.552984405
-2246.998984419
-2733.462632512
-1867.572395496
-2440.906886966
-1850.833635994
-2655.942877442
1802.180311241
1937.147167160
2511.341861627
-2032.749814779
2370.120923121
-1537.735567282
-3260.578776568
-2294.464321630
3064.839219857
-2336.187122450
-2895.689848571
1800.938961089
1612.049983243
-1801.174250571
-2752.150127571
1808.072872381
2862.555418848
2269.360550125
-1836.779358463
2577.502845528
3126.776220674
2440.545917688
-2750.381600226
2153.935978586
2195.537794190
2896.939177144
2767.820376086
2294.436144765
-1420.430195557
-2190.366610651
-2480.834645741
2256.595906897
-1708.927259533
-2606.209839982
-1724.735210647
1420.430195557
1954.349694149
-2445.208746945
-2010.091608727
2294.174811270
1588.737493820
-2797.506965783
1960.104002635
-2341.357181724
-1082.855228598
1656.880643357
-2322.987978256
1869.305879011
-2470.629431841
-2342.993985515
1296.437008369
-828.889311644
2695.068087840
-1653.799996061
-2659.991153713
2053.942662766
-1503.326689591
-2609.306085597
729.673606698
1901.278791292
-1612.930172200
-1974.753062723
1588.219184058
1567.113572103
1081.519004240
-1867.778654453
-2020.184483454
-1317.682265608
-2112.857307718
-682.000983929
1708.941813901
796.049795964
-2087.774401381
-1830.160527706
1042.260860049
2962.486801091
1280.090235786
912.725384034
-1792.012820924
1445.483500697
-1145.487595030
2087.128455482
1037.551455291
1410.472054158
-1366.407519892
-930.889815640
1348.295336640
-1157.839954232
-1208.865970057
643.651959328
1281.521688054
-1254.186322849
-1961.335560144
-939.001871960
1366.521808364
927.637826196
-1097.807642874
207.163135409
704.910401028
-343.879153984
-249.345370039
980.267471981
462.601675762
-1015.392903464
744.731744122
1727.693465477
-207.163135409
-207.163135409
1427.755195110
1944.202737227
381.072852878
-1266.622662774
1432.670984141
790.762151533
-933.351288803
-608.696104523
-381.072852878
973.892997306
-320.084257430
1384.354500497
-317.263662292
1396.795647961
1286.338563545
-1222.875305001
1463.203351039
799.594201802
-1370.511794109
-312.385068861
-1449.698676941
1264.030997191
-1287.558271027
1585.561182790
-1719.318670839
-871.433065625
398.426184271
938.854869033
-820.504986287
-1131.205227517
1337.779888859
1812.324623070
-1253.619264052
504.068995728
-1659.154665082
1498.430939831
867.613643677
1846.609953487
1481.528967112
-1272.095080198
897.061564558
1705.974824147
1794.618737752
-1539.374854795
-1837.517977881
799.310867927
2050.709838926
-831.669522067
-992.186819344
-1433.412320929
-1516.875775578
-1342.947614103
-1578.100543501
-1474.680187794
-1199.930031953
1991.400664068
2081.259060139
1302.824558480
1114.875836119
2847.515084764
1938.986339489
-1275.843977612
-2142.469820867
2146.881093493
1809.778729828
-1415.459776471
-2281.376245651
-1855.102916974
1170.607478730
-1209.104440925
1902.344569488
1497.526316837
-1680.792436169
-1487.111524405
1618.675495495
-972.159271602
1066.159150382
1740.067543547
-2572.597839450
2361.088605243
2173.456143076
-2136.217515970
-870.881978133
1542.663040220
-1746.167169962
-2508.293209463
-2190.081044619
