31.000000000
-32.000000000
31.000000000
31.000000000
31.000000000
-32.000000000
31.000000000
31.000000000
31.000000000
-32.000000000
31.000000000
31.000000000
31.000000000
31.000000000
-32.000000000
31.000000000
-32.000000000
-32.000000000
-32.000000000
31.000000000
-32.000000000
31.000000000
-32.000000000
-32.000000000
-32.000000000
-32.000000000
-32.000000000
-32.000000000
-26.125000000
-32.000000000
31.000000000
31.000000000
-32.000000000
-32.000000000
-32.000000000
19.250000000
-32.000000000
31.000000000
31.000000000
31.000000000
31.000000000
31.000000000
-32.000000000
-32.000000000
-32.000000000
-32.000000000
-32.000000000
31.000000000
-32.000000000
-18.562500077
31.000000000
-30.937500076
31.000000000
-32.000000000
31.000000000
-15.125000067
-30.250000077
31.000000000
31.000000000
31.000000000
21.312500000
2.750000000
11.699576947
31.000000000
22.000560016
-2.750000000
-10.324576947
31.000000000
-32.000000000
-26.135318800
-32.000000000
-32.000000000
27.507959897
-28.853060691
30.334999790
-32.000000000
-27.502342225
-32.000000000
16.579026870
-22.073069889
3.026888924
6.986242590
16.512732423
-23.387710791
19.927754880
25.396680581
-17.177754429
8.240265340
-9.181247070
-14.445474872
-18.552765151
-24.052734254
-21.990265544
-26.113563433
0.111242624
-4.115265542
-32.000000000
-32.000000000
-24.052765456
28.177765544
31.000000000
-32.000000000
-32.000000000
-32.000000000
-32.000000000
-32.000000000
-32.000000000
-32.000000000
-32.000000000
31.000000000
-32.000000000
31.000000000
-32.000000000
-32.000000000
31.000000000
-32.000000000
31.000000000
-32.000000000
-32.000000000
31.000000000
-32.000000000
31.000000000
-32.000000000
31.000000000
31.000000000
-32.000000000
-32.000000000
31.000000000
-32.000000000
-32.000000000
-32.000000000
31.000000000
31.000000000
31.000000000
31.000000000
31.000000000
31.000000000
31.000000000
31.000000000
9.625000000
-8.937500000
31.000000000
-32.000000000
-30.937500000
-14.437500000
31.000000000
31.000000000
31.000000000
31.000000000
-32.000000000
31.000000000
31.000000000
31.000000000
31.000000000
31.000000000
-32.000000000
31.000000000
-32.000000000
31.000000000
-32.000000000
31.000000000
31.000000000
-32.000000000
-32.000000000
-32.000000000
31.000000000
-32.000000000
31.000000000
31.000000000
-32.000000000
-32.000000000
31.000000000
31.000000000
-32.000000000
-32.000000000
-32.000000000
31.000000000
31.000000000
31.000000000
31.000000000
31.000000000
31.000000000
-32.000000000
31.000000000
31.000000000
31.000000000
-32.000000000
31.000000000
31.000000000
-32.000000000
31.000000000
31.000000000
31.000000000
31.000000000
31.000000000
-32.000000000
-32.000000000
-32.000000000
31.000000000
31.000000000
31.000000000
-32.000000000
31.000000000
31.000000000
-32.000000000
31.000000000
-32.000000000
-32.000000000
-32.000000000
31.000000000
31.000000000
31.000000000
31.000000000
31.000000000
31.000000000
31.000000000
-32.000000000
-32.000000000
-32.000000000
31.000000000
31.000000000
31.000000000
-32.000000000
-32.000000000
-32.000000000
-32.000000000
31.000000000
-32.000000000
31.000000000
31.000000000
-32.000000000
-32.000000000
-32.000000000
-32.000000000
-32.000000000
-32.000000000
-32.000000000
-32.000000000
31.000000000
-32.000000000
-32.000000000
31.000000000
-32.000000000
31.000000000
31.000000000
-32.000000000
31.000000000
31.000000000
31.000000000
31.000000000
-32.000000000
31.000000000
-32.000000000
31.000000000
31.000000000
31.000000000
31.000000000
-32.000000000
-32.000000000
31.000000000
31.000000000
-32.000000000
31.000000000
31.000000000
31.000000000
-32.000000000
-32.000000000
-32.000000000
31.000000000
31.000000000
-32.000000000
-32.000000000
-32.000000000
-32.000000000
31.000000000
-32.000000000
31.000000000
-32.000000000
31.000000000
-32.000000000
-32.000000000
-32.000000000
-32.000000000
31.000000000
-32.000000000
31.000000000
31.000000000
31.000000000
31.000000000
-32.000000000
31.000000000
22.715276682
31.000000000
-20.308992136
-4.152776682
-20.620383599
0.687500000
11.687560294
5.500000000
-29.530176909
21.312500000
13.777716387
20.634301279
-27.303500370
-14.437560265
31.000000000
-32.000000000
-20.652776678
-12.402776678
-32.000000000
-32.000000000
31.000000000
-12.402776678
31.000000000
31.000000000
-32.000000000
31.000000000
31.000000000
31.000000000
-32.000000000
-32.000000000
31.000000000
-32.000000000
-32.000000000
-32.000000000
-32.000000000
31.000000000
31.000000000
-32.000000000
-32.000000000
31.000000000
31.000000000
-32.000000000
31.000000000
-32.000000000
-32.000000000
31.000000000
31.000000000
-32.000000000
-32.000000000
31.000000000
-32.000000000
31.000000000
-32.000000000
31.000000000
31.000000000
31.000000000
-32.000000000
-32.000000000
31.000000000
-32.000000000
31.000000000
31.000000000
-32.000000000
-32.000000000
31.000000000
-32.000000000
-32.000000000
31.000000000
31.000000000
-32.000000000
31.000000000
31.000000000
-32.000000000
31.000000000
31.000000000
-32.000000000
-32.000000000
31.000000000
31.000000000
-32.000000000
-32.000000000
-32.000000000
-32.000000000
31.000000000
-32.000000000
-32.000000000
31.000000000
-32.000000000
31.000000000
-32.000000000
-32.000000000
-32.000000000
31.000000000
31.000000000
-32.000000000
31.000000000
31.000000000
31.000000000
31.000000000
31.000000000
31.000000000
-32.000000000
-32.000000000
31.000000000
-32.000000000
-32.000000000
-32.000000000
-32.000000000
31.000000000
-32.000000000
-32.000000000
31.000000000
31.000000000
-32.000000000
-32.000000000
-32.000000000
-32.000000000
-32.000000000
-32.000000000
31.000000000
-32.000000000
-32.000000000
31.000000000
31.000000000
31.000000000
31.000000000
-32.000000000
-32.000000000
-32.000000000
-32.000000000
-32.000000000
-32.000000000
31.000000000
-32.000000000
31.000000000
31.000000000
-32.000000000
31.000000000
-32.000000000
31.000000000
-32.000000000
31.000000000
-32.000000000
-32.000000000
-32.000000000
-32.000000000
-32.000000000
31.000000000
31.000000000
31.000000000
-32.000000000
31.000000000
-32.000000000
-32.000000000
31.000000000
31.000000000
-32.000000000
31.000000000
-32.000000000
-32.000000000
-32.000000000
-32.000000000
-32.000000000
31.000000000
31.000000000
-32.000000000
-32.000000000
31.000000000
31.000000000
-32.000000000
31.000000000
-32.000000000
31.000000000
-32.000000000
31.000000000
-32.000000000
31.000000000
31.000000000
-32.000000000
31.000000000
-32.000000000
31.000000000
-32.000000000
31.000000000
-32.000000000
31.000000000
-32.000000000
31.000000000
-32.000000000
-32.000000000
-32.000000000
31.000000000
-32.000000000
31.000000000
-32.000000000
31.000000000
-32.000000000
31.000000000
31.000000000
-32.000000000
31.000000000
31.000000000
-32.000000000
31.000000000
31.000000000
31.000000000
-32.000000000
31.000000000
-32.000000000
31.000000000
31.000000000
31.000000000
-32.000000000
31.000000000
31.000000000
-32.000000000
31.000000000
-32.000000000
-32.000000000
31.000000000
-32.000000000
31.000000000
-32.000000000
-32.000000000
31.000000000
-32.000000000
-32.000000000
-32.000000000
-32.000000000
-32.000000000
31.000000000
-32.000000000
31.000000000
-32.000000000
31.000000000
31.000000000
-32.000000000
-32.000000000
-32.000000000
31.000000000
-32.000000000
31.000000000
31.000000000
31.000000000
-32.000000000
-32.000000000
31.000000000
31.000000000
-32.000000000
31.000000000
-32.000000000
31.000000000
-32.000000000
31.000000000
-32.000000000
31.000000000
-32.000000000
-32.000000000
31.000000000
31.000000000
-32.000000000
31.000000000
-32.000000000
31.000000000
-32.000000000
-32.000000000
-32.000000000
-32.000000000
-32.000000000
-32.000000000
31.000000000
31.000000000
31.000000000
-7.838255379
-14.447584485
6.864999067
-22.541538788
12.531074691
24.211424759
-22.010083970
29.031074111
20.635000918
-9.908343993
4.560695791
-7.572584547
13.001181969
-7.086949090
-4.693547833
-30.128083899
-32.000000000
19.689646678
-32.000000000
-32.000000000
-32.000000000
30.590625703
-14.877272833
26.554765230
-22.429688286
31.000000000
9.119366633
-32.000000000
25.867188286
-32.000000000
-32.000000000
-32.000000000
31.000000000
31.000000000
-32.000000000
-32.000000000
31.000000000
-32.000000000
-32.000000000
-32.000000000
28.926148650
31.000000000
31.000000000
-32.000000000
-26.863648649
-32.000000000
31.000000000
-32.000000000
-32.000000000
-32.000000000
-32.000000000
31.000000000
31.000000000
-32.000000000
31.000000000
28.116183362
-32.000000000
-32.000000000
31.000000000
-26.741183362
31.000000000
-32.000000000
31.000000000
-32.000000000
31.000000000
31.000000000
31.000000000
-32.000000000
31.000000000
31.000000000
-32.000000000
-32.000000000
31.000000000
31.000000000
-32.000000000
-32.000000000
-30.856016674
-1.066279157
-12.792205926
9.543516674
-31.625024842
31.000000000
24.045101170
20.542960080
5.032469435
10.335419768
17.183162853
-19.272920568
13.060275892
4.521850963
-7.512115930
14.615052740
21.490051208
15.325499019
-24.080278894
-9.152033085
-2.405320225
19.012904058
0.034732729
-4.917512920
19.375119180
3.448101315
-15.406506936
-22.810919060
11.812621093
-3.312378930
12.855748998
-32.000000000
-19.730748999
-5.241605224
-16.625121093
28.312621093
-32.000000000
-27.877665878
-32.000000000
-23.656506774
-32.000000000
31.000000000
31.000000000
-26.937071492
31.000000000
-32.000000000
-32.000000000
31.000000000
31.000000000
-32.000000000
-32.000000000
-31.418248999
31.000000000
-32.000000000
-32.000000000
-32.000000000
31.000000000
-32.000000000
-32.000000000
31.000000000
-32.000000000
-32.000000000
31.000000000
-32.000000000
31.000000000
31.000000000
-32.000000000
-32.000000000
-32.000000000
-32.000000000
31.000000000
-32.000000000
31.000000000
-32.000000000
-32.000000000
-32.000000000
31.000000000
-32.000000000
-32.000000000
-32.000000000
-32.000000000
31.000000000
-32.000000000
31.000000000
31.000000000
31.000000000
31.000000000
31.000000000
31.000000000
-32.000000000
31.000000000
31.000000000
31.000000000
-32.000000000
-32.000000000
31.000000000
-32.000000000
19.250000000
31.000000000
-7.562504224
24.062504224
-28.187504147
-29.562472858
31.000000000
-0.687500000
-31.625004214
31.000000000
31.000000000
31.000000000
-32.000000000
-32.000000000
31.000000000
-32.000000000
-32.000000000
-32.000000000
-32.000000000
-32.000000000
20.882813286
31.000000000
31.000000000
-32.000000000
-32.000000000
23.632813286
-32.000000000
31.000000000
31.000000000
31.000000000
-32.000000000
-32.000000000
31.000000000
31.000000000
31.000000000
31.000000000
-32.000000000
-32.000000000
31.000000000
31.000000000
-32.000000000
-32.000000000
31.000000000
31.000000000
31.000000000
-32.000000000
-32.000000000
-32.000000000
31.000000000
31.000000000
-32.000000000
-32.000000000
31.000000000
-32.000000000
-32.000000000
31.000000000
-32.000000000
31.000000000
31.000000000
31.000000000
31.000000000
31.000000000
31.000000000
31.000000000
-32.000000000
31.000000000
31.000000000
-32.000000000
-32.000000000
-32.000000000
31.000000000
-32.000000000
31.000000000
31.000000000
31.000000000
31.000000000
-32.000000000
-32.000000000
31.000000000
31.000000000
15.432535131
-32.000000000
31.000000000
20.245035130
-32.000000000
-23.682535131
31.000000000
-32.000000000
-32.000000000
31.000000000
-30.250000000
31.000000000
-32.000000000
31.000000000
31.000000000
31.000000000
-32.000000000
31.000000000
-32.000000000
31.000000000
31.000000000
-32.000000000
31.000000000
31.000000000
-32.000000000
31.000000000
31.000000000
31.000000000
31.000000000
-32.000000000
-32.000000000
31.000000000
-32.000000000
31.000000000
-32.000000000
31.000000000
31.000000000
31.000000000
31.000000000
31.000000000
31.000000000
-32.000000000
31.000000000
-32.000000000
31.000000000
-32.000000000
-32.000000000
-32.000000000
31.000000000
31.000000000
-32.000000000
31.000000000
-32.000000000
28.186952634
-32.000000000
-32.000000000
31.000000000
-32.000000000
31.000000000
-24.843250519
-16.500000000
31.000000000
31.000000000
31.000000000
-32.000000000
24.062500000
-32.000000000
-26.812499993
24.058467082
31.000000000
-32.000000000
-22.780750519
22.600236970
31.000000000
31.000000000
31.000000000
31.000000000
-32.000000000
-32.000000000
-32.000000000
-32.000000000
31.000000000
31.000000000
31.000000000
-32.000000000
-32.000000000
31.000000000
31.000000000
-32.000000000
-32.000000000
31.000000000
31.000000000
-32.000000000
31.000000000
31.000000000
31.000000000
-32.000000000
-32.000000000
-32.000000000
-32.000000000
-32.000000000
-32.000000000
-32.000000000
31.000000000
31.000000000
31.000000000
31.000000000
31.000000000
31.000000000
31.000000000
-32.000000000
-32.000000000
31.000000000
31.000000000
-32.000000000
31.000000000
31.000000000
-32.000000000
31.000000000
-32.000000000
31.000000000
-32.000000000
-32.000000000
-32.000000000
31.000000000
-32.000000000
31.000000000
31.000000000
31.000000000
31.000000000
-32.000000000
-32.000000000
31.000000000
31.000000000
-32.000000000
31.000000000
-32.000000000
31.000000000
31.000000000
-32.000000000
31.000000000
-32.000000000
31.000000000
31.000000000
31.000000000
-32.000000000
6.066572903
12.082004169
31.000000000
31.000000000
-22.707326984
-17.642855185
31.000000000
-32.000000000
31.000000000
31.000000000
29.582326982
-32.000000000
-32.000000000
-32.000000000
-32.000000000
-32.000000000
-32.000000000
-32.000000000
-32.000000000
-32.000000000
31.000000000
-32.000000000
-32.000000000
-32.000000000
-32.000000000
-32.000000000
-32.000000000
-32.000000000
-32.000000000
-32.000000000
-32.000000000
-32.000000000
31.000000000
31.000000000
-32.000000000
-32.000000000
31.000000000
-32.000000000
31.000000000
31.000000000
31.000000000
31.000000000
31.000000000
-32.000000000
31.000000000
-32.000000000
-32.000000000
23.374831821
31.000000000
-19.250031201
31.000000000
31.000000000
-19.250000000
-18.562531212
29.562299979
-19.461006013
20.625031212
14.437531212
26.335992524
-2.062500000
-11.898521625
-20.625058199
-26.812562423
-32.000000000
15.812531212
8.250062423
-4.812500000
8.250062423
-15.812330678
30.246631401
-32.000000000
26.812561840
-26.125062423
-11.000000000
31.000000000
31.000000000
19.935829255
31.000000000
-28.873329245
31.000000000
31.000000000
-32.000000000
25.437562344
31.000000000
31.000000000
31.000000000
31.000000000
-32.000000000
31.000000000
31.000000000
31.000000000
31.000000000
31.000000000
-32.000000000
31.000000000
-32.000000000
-32.000000000
31.000000000
31.000000000
31.000000000
31.000000000
-30.250000000
30.937268807
31.000000000
31.000000000
31.000000000
31.000000000
31.000000000
-32.000000000
-32.000000000
31.000000000
31.000000000
31.000000000
-32.000000000
31.000000000
-28.153202019
22.000000000
31.000000000
31.000000000
31.000000000
-32.000000000
-32.000000000
31.000000000
31.000000000
-32.000000000
-32.000000000
-32.000000000
-32.000000000
31.000000000
-32.000000000
31.000000000
-32.000000000
-32.000000000
-32.000000000
-32.000000000
-32.000000000
31.000000000
31.000000000
-32.000000000
-32.000000000
31.000000000
-32.000000000
-32.000000000
31.000000000
-32.000000000
-32.000000000
31.000000000
31.000000000
31.000000000
-32.000000000
31.000000000
31.000000000
31.000000000
31.000000000
31.000000000
31.000000000
-32.000000000
-32.000000000
31.000000000
31.000000000
31.000000000
-32.000000000
-32.000000000
-32.000000000
-32.000000000
-32.000000000
-32.000000000
-32.000000000
-32.000000000
-32.000000000
31.000000000
31.000000000
31.000000000
31.000000000
-32.000000000
-32.000000000
31.000000000
-32.000000000
31.000000000
-32.000000000
25.437500000
-32.000000000
-32.000000000
31.000000000
-32.000000000
26.812500000
24.750000000
31.000000000
22.000000000
-32.000000000
-32.000000000
-21.312500000
31.000000000
-32.000000000
31.000000000
-32.000000000
-32.000000000
-32.000000000
31.000000000
-32.000000000
-32.000000000
31.000000000
-32.000000000
31.000000000
-32.000000000
31.000000000
31.000000000
-32.000000000
31.000000000
31.000000000
31.000000000
31.000000000
31.000000000
31.000000000
-32.000000000
31.000000000
31.000000000
-32.000000000
-32.000000000
-32.000000000
-32.000000000
-32.000000000
-32.000000000
-32.000000000
31.000000000
31.000000000
-32.000000000
31.000000000
31.000000000
31.000000000
-32.000000000
-32.000000000
31.000000000
-32.000000000
31.000000000
31.000000000
31.000000000
31.000000000
-32.000000000
-32.000000000
-32.000000000
31.000000000
-32.000000000
31.000000000
-32.000000000
31.000000000
31.000000000
31.000000000
-32.000000000
-32.000000000
-32.000000000
-32.000000000
31.000000000
-32.000000000
-32.000000000
31.000000000
31.000000000
31.000000000
-32.000000000
31.000000000
31.000000000
31.000000000
-32.000000000
31.000000000
-32.000000000
-32.000000000
31.000000000
31.000000000
-32.000000000
31.000000000
31.000000000
-32.000000000
-32.000000000
31.000000000
-32.000000000
31.000000000
31.000000000
31.000000000
-24.984257932
27.734257932
24.984026536
26.749168316
-31.859257932
-20.171753708
31.000000000
-2.296757932
-16.046757932
25.881864736
-27.092095428
31.000000000
-32.000000000
31.000000000
17.304628966
-32.000000000
31.000000000
-32.000000000
31.000000000
31.000000000
31.000000000
31.000000000
31.000000000
-32.000000000
31.000000000
31.000000000
-32.000000000
31.000000000
-32.000000000
-32.000000000
-32.000000000
31.000000000
31.000000000
31.000000000
-32.000000000
31.000000000
31.000000000
31.000000000
-32.000000000
-32.000000000
31.000000000
31.000000000
31.000000000
31.000000000
-32.000000000
-32.000000000
-32.000000000
-32.000000000
31.000000000
31.000000000
31.000000000
-32.000000000
31.000000000
-32.000000000
-32.000000000
31.000000000
31.000000000
31.000000000
-32.000000000
31.000000000
-32.000000000
31.000000000
-32.000000000
-32.000000000
31.000000000
-32.000000000
-32.000000000
31.000000000
-32.000000000
31.000000000
-32.000000000
31.000000000
31.000000000
-32.000000000
-32.000000000
-32.000000000
-32.000000000
-32.000000000
31.000000000
-32.000000000
31.000000000
31.000000000
-32.000000000
31.000000000
31.000000000
31.000000000
31.000000000
-32.000000000
31.000000000
-32.000000000
-32.000000000
31.000000000
-32.000000000
-32.000000000
-32.000000000
31.000000000
-32.000000000
-32.000000000
-32.000000000
31.000000000
-32.000000000
31.000000000
31.000000000
31.000000000
31.000000000
31.000000000
31.000000000
-32.000000000
31.000000000
-32.000000000
-32.000000000
31.000000000
-32.000000000
-32.000000000
-32.000000000
-32.000000000
31.000000000
-32.000000000
31.000000000
-32.000000000
-32.000000000
31.000000000
-32.000000000
-32.000000000
-32.000000000
31.000000000
-32.000000000
31.000000000
-32.000000000
31.000000000
31.000000000
-32.000000000
-32.000000000
31.000000000
31.000000000
-32.000000000
31.000000000
-32.000000000
-32.000000000
-32.000000000
-32.000000000
31.000000000
-32.000000000
31.000000000
-32.000000000
31.000000000
-32.000000000
31.000000000
31.000000000
-32.000000000
-32.000000000
-32.000000000
-32.000000000
31.000000000
-32.000000000
31.000000000
31.000000000
-32.000000000
31.000000000
31.000000000
31.000000000
31.000000000
-32.000000000
-32.000000000
-32.000000000
-32.000000000
31.000000000
31.000000000
-32.000000000
-32.000000000
-32.000000000
31.000000000
-32.000000000
-32.000000000
-32.000000000
31.000000000
31.000000000
31.000000000
31.000000000
31.000000000
31.000000000
31.000000000
31.000000000
-32.000000000
-32.000000000
31.000000000
31.000000000
-32.000000000
31.000000000
31.000000000
31.000000000
-32.000000000
-32.000000000
-32.000000000
-32.000000000
-32.000000000
31.000000000
-32.000000000
31.000000000
31.000000000
-32.000000000
-32.000000000
31.000000000
31.000000000
31.000000000
-32.000000000
-32.000000000
-32.000000000
-32.000000000
-32.000000000
31.000000000
-32.000000000
31.000000000
31.000000000
31.000000000
-32.000000000
-32.000000000
-32.000000000
31.000000000
31.000000000
31.000000000
31.000000000
31.000000000
31.000000000
-32.000000000
-32.000000000
-32.000000000
-32.000000000
31.000000000
31.000000000
-32.000000000
31.000000000
-32.000000000
-32.000000000
-32.000000000
31.000000000
-32.000000000
-32.000000000
-32.000000000
31.000000000
31.000000000
-32.000000000
31.000000000
31.000000000
31.000000000
31.000000000
31.000000000
31.000000000
31.000000000
31.000000000
31.000000000
31.000000000
-32.000000000
-32.000000000
31.000000000
-32.000000000
-32.000000000
31.000000000
31.000000000
31.000000000
-32.000000000
-32.000000000
31.000000000
31.000000000
31.000000000
-32.000000000
-32.000000000
-32.000000000
-32.000000000
31.000000000
31.000000000
31.000000000
31.000000000
-32.000000000
-32.000000000
31.000000000
31.000000000
-32.000000000
31.000000000
-32.000000000
31.000000000
31.000000000
31.000000000
31.000000000
31.000000000
7.683751369
25.242184973
-15.246223494
-19.358869468
-28.743896648
-11.121251369
-19.004973231
-20.381430778
13.571094828
-14.945689811
17.308751369
-24.593546973
-20.787152809
9.181069222
19.371248531
17.718578234
-15.656078234
-9.864017345
-17.063330085
-19.487477909
-32.000000000
31.000000000
10.156078234
-10.916871179
31.000000000
31.000000000
25.252904894
-8.126487429
-32.000000000
-6.631430778
-14.681069222
31.000000000
31.000000000
31.000000000
23.266930082
-23.495792705
-32.000000000
-30.708160779
26.572707273
31.000000000
29.454403008
-30.141934393
31.000000000
-1.833182274
4.794785335
-21.770647636
-0.229360566
-1.145683083
18.436192220
20.393981049
-0.229316917
23.357600755
4.354316917
31.000000000
-32.000000000
-22.458183083
9.854360489
-32.000000000
-32.000000000
-32.000000000
31.000000000
31.000000000
31.000000000
-32.000000000
-32.000000000
31.000000000
-32.000000000
-32.000000000
-32.000000000
-32.000000000
-32.000000000
31.000000000
-32.000000000
31.000000000
-32.000000000
31.000000000
-32.000000000
31.000000000
-32.000000000
31.000000000
-32.000000000
31.000000000
-32.000000000
31.000000000
31.000000000
-32.000000000
-32.000000000
31.000000000
-32.000000000
31.000000000
31.000000000
31.000000000
-32.000000000
31.000000000
31.000000000
-32.000000000
-32.000000000
-32.000000000
-32.000000000
31.000000000
31.000000000
31.000000000
31.000000000
-29.249889166
31.000000000
31.000000000
-32.000000000
31.000000000
23.062389219
31.000000000
31.000000000
31.000000000
31.000000000
-32.000000000
-32.000000000
31.000000000
31.000000000
-32.000000000
31.000000000
31.000000000
31.000000000
-32.000000000
31.000000000
-32.000000000
31.000000000
-32.000000000
-32.000000000
31.000000000
-32.000000000
31.000000000
-32.000000000
31.000000000
31.000000000
-32.000000000
31.000000000
31.000000000
-32.000000000
31.000000000
31.000000000
-32.000000000
-32.000000000
31.000000000
31.000000000
-32.000000000
-32.000000000
18.875513689
-32.000000000
28.500513688
31.000000000
9.250513689
31.000000000
31.000000000
-32.000000000
-32.000000000
-32.000000000
-32.000000000
31.000000000
31.000000000
31.000000000
31.000000000
-32.000000000
31.000000000
31.000000000
-32.000000000
-32.000000000
-32.000000000
-32.000000000
31.000000000
31.000000000
-32.000000000
31.000000000
31.000000000
31.000000000
-32.000000000
31.000000000
-32.000000000
31.000000000
31.000000000
31.000000000
-32.000000000
31.000000000
-32.000000000
-32.000000000
-32.000000000
31.000000000
31.000000000
31.000000000
31.000000000
-32.000000000
-32.000000000
-32.000000000
31.000000000
-32.000000000
31.000000000
-32.000000000
31.000000000
31.000000000
-32.000000000
-32.000000000
-32.000000000
-32.000000000
31.000000000
-32.000000000
-32.000000000
-32.000000000
31.000000000
31.000000000
-32.000000000
31.000000000
-32.000000000
31.000000000
31.000000000
31.000000000
31.000000000
-32.000000000
-32.000000000
-32.000000000
31.000000000
-32.000000000
-32.000000000
-32.000000000
31.000000000
31.000000000
31.000000000
-32.000000000
-32.000000000
-32.000000000
31.000000000
31.000000000
-32.000000000
31.000000000
31.000000000
31.000000000
31.000000000
-32.000000000
31.000000000
31.000000000
31.000000000
31.000000000
-32.000000000
-32.000000000
31.000000000
31.000000000
31.000000000
31.000000000
31.000000000
31.000000000
-32.000000000
31.000000000
-32.000000000
-32.000000000
31.000000000
-32.000000000
-32.000000000
-32.000000000
-32.000000000
-32.000000000
-32.000000000
31.000000000
-32.000000000
-32.000000000
-32.000000000
31.000000000
-32.000000000
31.000000000
-32.000000000
31.000000000
31.000000000
-30.937500000
-32.000000000
31.000000000
-32.000000000
31.000000000
31.000000000
31.000000000
31.000000000
31.000000000
-32.000000000
31.000000000
31.000000000
-32.000000000
31.000000000
-32.000000000
-32.000000000
-32.000000000
31.000000000
31.000000000
31.000000000
-32.000000000
31.000000000
-32.000000000
31.000000000
-32.000000000
31.000000000
31.000000000
31.000000000
-32.000000000
-32.000000000
31.000000000
31.000000000
-19.465300129
-24.952226125
-8.465383455
-5.284680418
-17.402472993
17.390258128
-18.777819546
5.843717278
-16.026631984
-17.187434566
12.375065420
-11.215319583
-23.577841509
14.652788676
-32.000000000
-6.402819585
-32.000000000
31.000000000
-32.000000000
31.000000000
-32.000000000
-32.000000000
31.000000000
-32.000000000
31.000000000
31.000000000
-32.000000000
31.000000000
-32.000000000
-32.000000000
31.000000000
31.000000000
31.000000000
31.000000000
-32.000000000
-32.000000000
31.000000000
-32.000000000
-32.000000000
-32.000000000
-32.000000000
31.000000000
31.000000000
-32.000000000
31.000000000
31.000000000
31.000000000
-32.000000000
-32.000000000
-32.000000000
31.000000000
-32.000000000
-32.000000000
31.000000000
-32.000000000
-32.000000000
31.000000000
31.000000000
31.000000000
-32.000000000
-32.000000000
-32.000000000
31.000000000
31.000000000
-32.000000000
-32.000000000
31.000000000
31.000000000
31.000000000
31.000000000
-32.000000000
31.000000000
-32.000000000
-32.000000000
-32.000000000
31.000000000
31.000000000
31.000000000
31.000000000
-32.000000000
31.000000000
31.000000000
-32.000000000
29.562500000
-32.000000000
-32.000000000
-32.000000000
-32.000000000
-32.000000000
-32.000000000
-32.000000000
-32.000000000
31.000000000
31.000000000
31.000000000
31.000000000
-32.000000000
31.000000000
-32.000000000
31.000000000
31.000000000
31.000000000
-32.000000000
31.000000000
-32.000000000
-32.000000000
31.000000000
31.000000000
31.000000000
-32.000000000
31.000000000
-32.000000000
-32.000000000
31.000000000
31.000000000
-32.000000000
-32.000000000
-32.000000000
31.000000000
-32.000000000
31.000000000
-32.000000000
-32.000000000
31.000000000
-32.000000000
20.971378028
31.000000000
-32.000000000
29.221378028
31.000000000
-32.000000000
28.533877900
31.000000000
31.000000000
-32.000000000
31.000000000
-32.000000000
-32.000000000
31.000000000
31.000000000
31.000000000
-32.000000000
31.000000000
31.000000000
31.000000000
31.000000000
31.000000000
-32.000000000
-32.000000000
31.000000000
31.000000000
31.000000000
31.000000000
-32.000000000
31.000000000
-32.000000000
-32.000000000
31.000000000
-32.000000000
-32.000000000
-32.000000000
-32.000000000
31.000000000
31.000000000
-32.000000000
31.000000000
31.000000000
31.000000000
31.000000000
31.000000000
-32.000000000
31.000000000
31.000000000
31.000000000
31.000000000
-32.000000000
-32.000000000
-32.000000000
-32.000000000
31.000000000
-32.000000000
31.000000000
31.000000000
31.000000000
31.000000000
31.000000000
-32.000000000
-32.000000000
-32.000000000
-32.000000000
31.000000000
-32.000000000
31.000000000
-32.000000000
31.000000000
31.000000000
-32.000000000
31.000000000
31.000000000
-20.590702019
31.000000000
-32.000000000
-32.000000000
-32.000000000
31.000000000
31.000000000
31.000000000
-32.000000000
31.000000000
-32.000000000
-32.000000000
31.000000000
-32.000000000
31.000000000
31.000000000
31.000000000
31.000000000
31.000000000
-32.000000000
-32.000000000
-32.000000000
31.000000000
31.000000000
31.000000000
-32.000000000
31.000000000
-32.000000000
-32.000000000
31.000000000
31.000000000
-32.000000000
31.000000000
-32.000000000
31.000000000
31.000000000
-32.000000000
31.000000000
-32.000000000
31.000000000
-32.000000000
-32.000000000
31.000000000
-32.000000000
31.000000000
31.000000000
31.000000000
-32.000000000
-32.000000000
31.000000000
31.000000000
-32.000000000
31.000000000
31.000000000
-32.000000000
31.000000000
-32.000000000
31.000000000
-32.000000000
31.000000000
31.000000000
-32.000000000
31.000000000
-32.000000000
31.000000000
-32.000000000
-32.000000000
-32.000000000
-32.000000000
31.000000000
31.000000000
-32.000000000
-32.000000000
-32.000000000
31.000000000
31.000000000
31.000000000
31.000000000
-32.000000000
-32.000000000
-32.000000000
31.000000000
31.000000000
31.000000000
-32.000000000
-32.000000000
31.000000000
-32.000000000
31.000000000
31.000000000
-32.000000000
31.000000000
-32.000000000
31.000000000
-32.000000000
-32.000000000
-32.000000000
31.000000000
31.000000000
-32.000000000
-32.000000000
31.000000000
31.000000000
31.000000000
-32.000000000
31.000000000
31.000000000
-32.000000000
31.000000000
31.000000000
31.000000000
-32.000000000
-32.000000000
-32.000000000
-32.000000000
-32.000000000
-32.000000000
-32.000000000
31.000000000
31.000000000
-32.000000000
31.000000000
31.000000000
-32.000000000
31.000000000
31.000000000
31.000000000
31.000000000
31.000000000
-32.000000000
-32.000000000
-32.000000000
31.000000000
-32.000000000
31.000000000
31.000000000
31.000000000
31.000000000
-32.000000000
-32.000000000
31.000000000
-32.000000000
31.000000000
-32.000000000
-32.000000000
31.000000000
-32.000000000
31.000000000
-32.000000000
31.000000000
31.000000000
-32.000000000
-32.000000000
31.000000000
-32.000000000
-32.000000000
31.000000000
31.000000000
-32.000000000
31.000000000
31.000000000
31.000000000
-32.000000000
-32.000000000
31.000000000
-32.000000000
31.000000000
-32.000000000
31.000000000
31.000000000
-32.000000000
31.000000000
-31.625000000
-32.000000000
31.000000000
31.000000000
-32.000000000
31.000000000
29.562500000
31.000000000
31.000000000
22.687500000
-32.000000000
-32.000000000
31.000000000
26.812269361
31.000000000
-32.000000000
31.000000000
-31.835961313
-32.000000000
-32.000000000
31.000000000
-32.000000000
31.000000000
-32.000000000
31.000000000
-32.000000000
31.000000000
-32.000000000
31.000000000
31.000000000
31.000000000
31.000000000
-32.000000000
-32.000000000
31.000000000
-32.000000000
31.000000000
31.000000000
-32.000000000
31.000000000
31.000000000
-32.000000000
31.000000000
31.000000000
31.000000000
31.000000000
-32.000000000
-32.000000000
-32.000000000
31.000000000
31.000000000
-32.000000000
31.000000000
31.000000000
31.000000000
31.000000000
-32.000000000
-32.000000000
-32.000000000
31.000000000
-32.000000000
-32.000000000
31.000000000
31.000000000
-32.000000000
-32.000000000
-32.000000000
-32.000000000
31.000000000
-32.000000000
-32.000000000
31.000000000
-32.000000000
31.000000000
31.000000000
31.000000000
-32.000000000
-32.000000000
31.000000000
-32.000000000
-32.000000000
31.000000000
31.000000000
-32.000000000
31.000000000
-32.000000000
-32.000000000
-32.000000000
-32.000000000
31.000000000
31.000000000
31.000000000
31.000000000
-32.000000000
-32.000000000
31.000000000
-32.000000000
-32.000000000
-32.000000000
31.000000000
31.000000000
31.000000000
-32.000000000
31.000000000
31.000000000
31.000000000
31.000000000
31.000000000
31.000000000
-32.000000000
-32.000000000
31.000000000
31.000000000
-32.000000000
-32.000000000
31.000000000
31.000000000
31.000000000
31.000000000
-32.000000000
31.000000000
31.000000000
31.000000000
31.000000000
-32.000000000
-32.000000000
-32.000000000
31.000000000
31.000000000
-32.000000000
31.000000000
31.000000000
-32.000000000
-32.000000000
-32.000000000
-32.000000000
31.000000000
31.000000000
-32.000000000
31.000000000
-32.000000000
-32.000000000
31.000000000
-32.000000000
31.000000000
31.000000000
31.000000000
31.000000000
-32.000000000
31.000000000
-32.000000000
-32.000000000
-32.000000000
-32.000000000
31.000000000
31.000000000
-32.000000000
-32.000000000
31.000000000
-32.000000000
31.000000000
-32.000000000
31.000000000
-15.125000000
-32.000000000
-18.562499990
26.812499990
-32.000000000
20.625000000
-32.000000000
6.875000000
19.937269408
-32.000000000
-32.000000000
-32.000000000
-32.000000000
-32.000000000
-32.000000000
-32.000000000
31.000000000
-32.000000000
31.000000000
-32.000000000
-32.000000000
31.000000000
-32.000000000
-32.000000000
31.000000000
-32.000000000
-32.000000000
-32.000000000
31.000000000
-32.000000000
-32.000000000
-32.000000000
-32.000000000
28.874999428
31.000000000
-32.000000000
-32.000000000
31.000000000
31.000000000
-32.000000000
17.875000000
-32.000000000
31.000000000
31.000000000
31.000000000
31.000000000
-32.000000000
31.000000000
31.000000000
-32.000000000
31.000000000
31.000000000
-32.000000000
31.000000000
-32.000000000
-32.000000000
-32.000000000
-32.000000000
31.000000000
-32.000000000
31.000000000
31.000000000
31.000000000
31.000000000
31.000000000
31.000000000
31.000000000
31.000000000
31.000000000
31.000000000
-32.000000000
-32.000000000
-32.000000000
31.000000000
-32.000000000
-32.000000000
-32.000000000
31.000000000
31.000000000
31.000000000
31.000000000
-32.000000000
-32.000000000
-32.000000000
-32.000000000
31.000000000
31.000000000
31.000000000
-32.000000000
31.000000000
31.000000000
-32.000000000
-32.000000000
31.000000000
31.000000000
31.000000000
31.000000000
31.000000000
31.000000000
-32.000000000
-32.000000000
-32.000000000
31.000000000
-32.000000000
31.000000000
31.000000000
-32.000000000
31.000000000
31.000000000
-32.000000000
-32.000000000
-32.000000000
31.000000000
-32.000000000
-32.000000000
31.000000000
-32.000000000
-32.000000000
-32.000000000
31.000000000
31.000000000
31.000000000
31.000000000
-32.000000000
31.000000000
31.000000000
-32.000000000
-32.000000000
-32.000000000
31.000000000
31.000000000
31.000000000
-32.000000000
-32.000000000
31.000000000
-32.000000000
-32.000000000
-32.000000000
31.000000000
-32.000000000
-32.000000000
31.000000000
31.000000000
-32.000000000
-32.000000000
31.000000000
31.000000000
-32.000000000
-32.000000000
-32.000000000
-32.000000000
31.000000000
-32.000000000
-32.000000000
31.000000000
-32.000000000
31.000000000
-32.000000000
-32.000000000
31.000000000
31.000000000
-32.000000000
-32.000000000
-32.000000000
31.000000000
-32.000000000
31.000000000
31.000000000
-32.000000000
31.000000000
-32.000000000
-32.000000000
-32.000000000
-32.000000000
-32.000000000
31.000000000
31.000000000
-32.000000000
-32.000000000
31.000000000
31.000000000
31.000000000
31.000000000
-32.000000000
-32.000000000
31.000000000
-32.000000000
31.000000000
-32.000000000
31.000000000
-32.000000000
31.000000000
31.000000000
-32.000000000
31.000000000
-32.000000000
-32.000000000
31.000000000
-32.000000000
-32.000000000
-32.000000000
-32.000000000
-32.000000000
31.000000000
-32.000000000
-32.000000000
-32.000000000
-32.000000000
-32.000000000
31.000000000
-32.000000000
26.125000000
31.000000000
31.000000000
31.000000000
-32.000000000
31.000000000
31.000000000
-32.000000000
-32.000000000
-31.794310263
31.000000000
-32.000000000
-32.000000000
31.000000000
-32.000000000
-32.000000000
-32.000000000
-32.000000000
31.000000000
-32.000000000
-32.000000000
31.000000000
-32.000000000
31.000000000
-32.000000000
31.000000000
31.000000000
31.000000000
31.000000000
-32.000000000
31.000000000
-32.000000000
31.000000000
31.000000000
31.000000000
-32.000000000
31.000000000
-32.000000000
-32.000000000
-32.000000000
-32.000000000
-32.000000000
-32.000000000
-32.000000000
-32.000000000
-32.000000000
22.084756659
31.000000000
31.000000000
31.000000000
25.437500000
-32.000000000
-32.000000000
-32.000000000
-11.084787838
-32.000000000
-32.000000000
-32.000000000
29.644876997
31.000000000
31.000000000
31.000000000
-32.000000000
-32.000000000
-32.000000000
31.000000000
-32.000000000
-32.000000000
-32.000000000
31.000000000
-32.000000000
31.000000000
31.000000000
31.000000000
31.000000000
-32.000000000
31.000000000
31.000000000
-32.000000000
-32.000000000
31.000000000
-32.000000000
31.000000000
31.000000000
31.000000000
31.000000000
-32.000000000
31.000000000
-32.000000000
-32.000000000
-32.000000000
-32.000000000
31.000000000
-32.000000000
31.000000000
-16.499927411
-32.000000000
25.539320058
24.749990176
20.043980628
-9.625000000
-25.505828484
31.000000000
31.000000000
30.357212957
31.000000000
-26.887767788
30.357208733
31.000000000
26.917839128
31.000000000
-32.000000000
31.000000000
-32.000000000
31.000000000
31.000000000
-32.000000000
31.000000000
-32.000000000
-32.000000000
31.000000000
-32.000000000
-32.000000000
-32.000000000
-29.390625786
-25.265625786
-30.765625786
-32.000000000
-16.328125786
29.738836176
28.445312893
-3.953125786
31.000000000
-32.000000000
-23.215450636
31.000000000
-32.000000000
-32.000000000
-32.000000000
-28.715450636
31.000000000
-32.000000000
-32.000000000
-32.000000000
31.000000000
-32.000000000
31.000000000
31.000000000
-32.000000000
-32.000000000
31.000000000
-32.000000000
31.000000000
31.000000000
-32.000000000
-32.000000000
31.000000000
31.000000000
31.000000000
31.000000000
-29.562500000
-32.000000000
-32.000000000
-32.000000000
-32.000000000
31.000000000
-32.000000000
-32.000000000
-32.000000000
-32.000000000
-32.000000000
31.000000000
31.000000000
31.000000000
-28.875000000
31.000000000
31.000000000
-32.000000000
-32.000000000
-32.000000000
31.000000000
30.937500000
-32.000000000
-32.000000000
31.000000000
31.000000000
-32.000000000
-32.000000000
21.312500000
-32.000000000
31.000000000
31.000000000
31.000000000
31.000000000
-32.000000000
-32.000000000
31.000000000
31.000000000
31.000000000
31.000000000
31.000000000
-32.000000000
-32.000000000
-32.000000000
-32.000000000
31.000000000
31.000000000
31.000000000
31.000000000
31.000000000
-32.000000000
31.000000000
-32.000000000
-32.000000000
-32.000000000
-32.000000000
31.000000000
-32.000000000
-32.000000000
-32.000000000
31.000000000
31.000000000
31.000000000
-32.000000000
-32.000000000
31.000000000
-32.000000000
31.000000000
31.000000000
-32.000000000
-32.000000000
-32.000000000
-32.000000000
31.000000000
31.000000000
31.000000000
31.000000000
31.000000000
-32.000000000
31.000000000
31.000000000
31.000000000
-32.000000000
-32.000000000
-32.000000000
-32.000000000
31.000000000
31.000000000
-32.000000000
-32.000000000
31.000000000
31.000000000
-32.000000000
-32.000000000
-32.000000000
-32.000000000
31.000000000
31.000000000
31.000000000
-32.000000000
-32.000000000
31.000000000
31.000000000
31.000000000
31.000000000
-32.000000000
31.000000000
31.000000000
31.000000000
31.000000000
31.000000000
31.000000000
31.000000000
-32.000000000
-32.000000000
-32.000000000
-32.000000000
31.000000000
-32.000000000
-32.000000000
31.000000000
31.000000000
-32.000000000
-32.000000000
31.000000000
-32.000000000
31.000000000
31.000000000
31.000000000
31.000000000
-32.000000000
31.000000000
31.000000000
-32.000000000
31.000000000
-32.000000000
-32.000000000
-32.000000000
31.000000000
-32.000000000
-32.000000000
31.000000000
-32.000000000
-32.000000000
-32.000000000
-32.000000000
-32.000000000
31.000000000
-32.000000000
-32.000000000
31.000000000
31.000000000
31.000000000
-32.000000000
31.000000000
-32.000000000
-32.000000000
31.000000000
31.000000000
-32.000000000
31.000000000
-32.000000000
31.000000000
31.000000000
31.000000000
-32.000000000
31.000000000
-32.000000000
-32.000000000
-32.000000000
-32.000000000
31.000000000
-32.000000000
-32.000000000
31.000000000
-32.000000000
31.000000000
-32.000000000
31.000000000
-32.000000000
31.000000000
-32.000000000
-32.000000000
31.000000000
31.000000000
31.000000000
31.000000000
-32.000000000
-32.000000000
31.000000000
-32.000000000
31.000000000
31.000000000
-32.000000000
-32.000000000
-32.000000000
-32.000000000
-32.000000000
-32.000000000
-32.000000000
31.000000000
31.000000000
31.000000000
31.000000000
31.000000000
-32.000000000
31.000000000
31.000000000
31.000000000
31.000000000
31.000000000
31.000000000
31.000000000
-32.000000000
-32.000000000
31.000000000
-32.000000000
-32.000000000
-32.000000000
-32.000000000
31.000000000
-32.000000000
-32.000000000
-32.000000000
31.000000000
31.000000000
31.000000000
31.000000000
31.000000000
-23.692237507
24.795102348
-14.241005397
24.236387857
26.667021995
-12.891638032
28.666010410
16.990367272
16.991005397
31.000000000
-32.000000000
-32.000000000
31.000000000
31.000000000
31.000000000
31.000000000
-32.000000000
31.000000000
31.000000000
25.834117860
31.000000000
-32.000000000
31.000000000
31.000000000
-32.000000000
-32.000000000
-32.000000000
31.000000000
31.000000000
-32.000000000
-32.000000000
-32.000000000
-32.000000000
-32.000000000
-32.000000000
31.000000000
31.000000000
31.000000000
-32.000000000
-32.000000000
-32.000000000
-32.000000000
-32.000000000
-32.000000000
31.000000000
31.000000000
-32.000000000
31.000000000
-32.000000000
31.000000000
-32.000000000
-32.000000000
31.000000000
31.000000000
-32.000000000
-32.000000000
31.000000000
31.000000000
-32.000000000
31.000000000
-32.000000000
-32.000000000
-32.000000000
-32.000000000
31.000000000
31.000000000
31.000000000
31.000000000
31.000000000
31.000000000
31.000000000
-32.000000000
31.000000000
31.000000000
-23.375000000
26.125000000
31.000000000
-32.000000000
31.000000000
31.000000000
31.000000000
-24.749999923
31.000000000
31.000000000
-32.000000000
31.000000000
-32.000000000
-32.000000000
31.000000000
-32.000000000
-32.000000000
31.000000000
-32.000000000
-32.000000000
31.000000000
31.000000000
31.000000000
-32.000000000
31.000000000
-32.000000000
-32.000000000
-32.000000000
-13.546109241
-21.796109241
-32.000000000
-32.000000000
22.483605223
6.671109241
-17.883733255
-18.307101123
19.389469373
-19.063690131
5.698016710
13.494601123
1.555801961
-3.576971814
-32.000000000
31.000000000
31.000000000
28.241034199
29.587377709
31.000000000
-32.000000000
31.000000000
-32.000000000
31.000000000
-32.000000000
-32.000000000
-32.000000000
-25.462377709
-32.000000000
-32.000000000
28.158843510
-32.000000000
31.000000000
-32.000000000
-32.000000000
31.000000000
-32.000000000
31.000000000
31.000000000
31.000000000
31.000000000
-32.000000000
-32.000000000
31.000000000
-32.000000000
-32.000000000
31.000000000
-32.000000000
31.000000000
31.000000000
-32.000000000
-32.000000000
-32.000000000
31.000000000
31.000000000
-32.000000000
-32.000000000
-32.000000000
-32.000000000
31.000000000
-32.000000000
31.000000000
31.000000000
-32.000000000
-32.000000000
-32.000000000
31.000000000
-32.000000000
10.251275607
31.000000000
-11.859375000
22.171874990
-27.671865275
24.234375000
-15.296874848
18.869738709
31.000000000
31.000000000
-32.000000000
31.000000000
31.000000000
31.000000000
31.000000000
-32.000000000
-32.000000000
31.000000000
31.000000000
31.000000000
31.000000000
-32.000000000
-32.000000000
31.000000000
31.000000000
31.000000000
-32.000000000
31.000000000
-32.000000000
31.000000000
-32.000000000
31.000000000
-32.000000000
31.000000000
31.000000000
31.000000000
-32.000000000
31.000000000
-32.000000000
-32.000000000
31.000000000
31.000000000
31.000000000
-32.000000000
31.000000000
-32.000000000
-32.000000000
31.000000000
31.000000000
31.000000000
31.000000000
31.000000000
31.000000000
-32.000000000
-32.000000000
-25.437500000
31.000000000
-32.000000000
-32.000000000
-32.000000000
-32.000000000
-13.062500000
22.687500000
31.000000000
-32.000000000
-32.000000000
-32.000000000
31.000000000
31.000000000
-24.406250000
31.000000000
31.000000000
-32.000000000
21.312500000
31.000000000
-32.000000000
31.000000000
31.000000000
-32.000000000
31.000000000
31.000000000
-32.000000000
-32.000000000
-32.000000000
31.000000000
-32.000000000
31.000000000
-32.000000000
31.000000000
-32.000000000
-32.000000000
-32.000000000
-32.000000000
31.000000000
-32.000000000
-32.000000000
31.000000000
-32.000000000
31.000000000
-32.000000000
-32.000000000
-32.000000000
31.000000000
-32.000000000
-32.000000000
-32.000000000
31.000000000
31.000000000
-32.000000000
31.000000000
-32.000000000
-32.000000000
-32.000000000
-32.000000000
-32.000000000
-32.000000000
-32.000000000
31.000000000
31.000000000
31.000000000
31.000000000
31.000000000
31.000000000
31.000000000
-32.000000000
-32.000000000
-32.000000000
-32.000000000
31.000000000
31.000000000
-32.000000000
-32.000000000
31.000000000
-32.000000000
-32.000000000
-32.000000000
-32.000000000
31.000000000
-32.000000000
-32.000000000
31.000000000
31.000000000
-32.000000000
31.000000000
-32.000000000
-32.000000000
31.000000000
-32.000000000
-32.000000000
-32.000000000
-32.000000000
31.000000000
31.000000000
-32.000000000
31.000000000
-32.000000000
-32.000000000
-32.000000000
-32.000000000
-32.000000000
31.000000000
-32.000000000
31.000000000
31.000000000
-32.000000000
-32.000000000
-32.000000000
-32.000000000
-32.000000000
31.000000000
-32.000000000
-32.000000000
31.000000000
31.000000000
-32.000000000
31.000000000
-32.000000000
31.000000000
31.000000000
-32.000000000
31.000000000
31.000000000
31.000000000
31.000000000
31.000000000
31.000000000
-32.000000000
-32.000000000
31.000000000
-32.000000000
-32.000000000
-32.000000000
31.000000000
-32.000000000
31.000000000
-32.000000000
31.000000000
31.000000000
-32.000000000
-32.000000000
31.000000000
-32.000000000
-32.000000000
-32.000000000
31.000000000
31.000000000
-32.000000000
-32.000000000
-32.000000000
31.000000000
31.000000000
-32.000000000
-32.000000000
-32.000000000
-32.000000000
-32.000000000
-32.000000000
31.000000000
-32.000000000
31.000000000
-32.000000000
-32.000000000
31.000000000
31.000000000
31.000000000
31.000000000
-32.000000000
31.000000000
-32.000000000
31.000000000
-32.000000000
-32.000000000
-32.000000000
-32.000000000
-32.000000000
-32.000000000
31.000000000
-32.000000000
31.000000000
31.000000000
-32.000000000
31.000000000
-32.000000000
31.000000000
-32.000000000
31.000000000
-32.000000000
-32.000000000
-32.000000000
-32.000000000
31.000000000
-32.000000000
31.000000000
31.000000000
31.000000000
-32.000000000
31.000000000
27.016684486
31.000000000
-32.000000000
-32.000000000
26.125000000
-32.000000000
-28.187500000
26.812496300
26.431461460
7.562500000
12.375000000
31.000000000
26.393389504
-32.000000000
-9.625000000
-32.000000000
-21.999995776
23.375000000
31.000000000
-32.000000000
-32.000000000
-32.000000000
31.000000000
-32.000000000
31.000000000
-32.000000000
-32.000000000
31.000000000
31.000000000
-32.000000000
-32.000000000
-32.000000000
31.000000000
31.000000000
31.000000000
31.000000000
31.000000000
31.000000000
-22.759316911
-32.000000000
22.970278226
-21.384316912
-30.321816912
15.899763033
-20.712263033
15.572126745
-7.985789937
-8.178183113
-10.999999785
7.649676267
-13.062499785
-14.437499971
5.587263033
9.712263033
17.270041123
26.212263032
-30.337262462
-32.000000000
-32.000000000
31.000000000
31.000000000
-32.000000000
-32.000000000
-32.000000000
31.000000000
-32.000000000
-32.000000000
31.000000000
-32.000000000
31.000000000
31.000000000
31.000000000
-32.000000000
-32.000000000
31.000000000
-32.000000000
-32.000000000
-32.000000000
-32.000000000
31.000000000
-32.000000000
31.000000000
31.000000000
-32.000000000
31.000000000
-32.000000000
-32.000000000
31.000000000
31.000000000
31.000000000
31.000000000
-32.000000000
-32.000000000
-32.000000000
31.000000000
31.000000000
31.000000000
-32.000000000
31.000000000
-32.000000000
31.000000000
-32.000000000
-32.000000000
31.000000000
31.000000000
-32.000000000
-32.000000000
31.000000000
31.000000000
-32.000000000
31.000000000
-32.000000000
-32.000000000
31.000000000
31.000000000
31.000000000
31.000000000
31.000000000
-32.000000000
-32.000000000
31.000000000
31.000000000
31.000000000
-32.000000000
31.000000000
31.000000000
-32.000000000
-32.000000000
31.000000000
31.000000000
31.000000000
-32.000000000
31.000000000
31.000000000
31.000000000
-32.000000000
-32.000000000
31.000000000
31.000000000
-32.000000000
-32.000000000
-32.000000000
-32.000000000
-32.000000000
-32.000000000
-32.000000000
-32.000000000
-32.000000000
31.000000000
31.000000000
31.000000000
-32.000000000
31.000000000
-32.000000000
-32.000000000
31.000000000
-32.000000000
31.000000000
31.000000000
31.000000000
-32.000000000
31.000000000
-32.000000000
31.000000000
31.000000000
31.000000000
-32.000000000
-32.000000000
-32.000000000
31.000000000
31.000000000
-32.000000000
-32.000000000
-32.000000000
-32.000000000
-32.000000000
-32.000000000
31.000000000
-32.000000000
31.000000000
31.000000000
-32.000000000
-32.000000000
31.000000000
-32.000000000
-32.000000000
31.000000000
31.000000000
31.000000000
-32.000000000
31.000000000
-32.000000000
31.000000000
31.000000000
31.000000000
-32.000000000
-32.000000000
31.000000000
31.000000000
31.000000000
-32.000000000
31.000000000
-32.000000000
31.000000000
31.000000000
31.000000000
31.000000000
31.000000000
31.000000000
-32.000000000
31.000000000
-32.000000000
31.000000000
31.000000000
-32.000000000
31.000000000
-32.000000000
-32.000000000
31.000000000
-32.000000000
-32.000000000
31.000000000
-32.000000000
31.000000000
31.000000000
31.000000000
31.000000000
-32.000000000
31.000000000
31.000000000
-32.000000000
31.000000000
31.000000000
-32.000000000
-32.000000000
-32.000000000
-32.000000000
-32.000000000
-32.000000000
-32.000000000
31.000000000
-32.000000000
-19.250000000
-24.062500000
31.000000000
31.000000000
-32.000000000
-32.000000000
-15.125000000
20.624968788
31.000000000
-14.437500000
31.000000000
-32.000000000
31.000000000
19.250000000
-31.624999988
-31.625000000
-29.562499989
-32.000000000
31.000000000
31.000000000
31.000000000
-32.000000000
31.000000000
-32.000000000
31.000000000
-32.000000000
-32.000000000
31.000000000
-32.000000000
-32.000000000
31.000000000
-32.000000000
-32.000000000
-32.000000000
31.000000000
31.000000000
-32.000000000
31.000000000
-32.000000000
-32.000000000
-32.000000000
-32.000000000
-32.000000000
31.000000000
-32.000000000
31.000000000
31.000000000
-32.000000000
-32.000000000
31.000000000
31.000000000
31.000000000
-32.000000000
31.000000000
-32.000000000
-32.000000000
-32.000000000
31.000000000
-32.000000000
-32.000000000
-32.000000000
-32.000000000
-32.000000000
31.000000000
-32.000000000
-32.000000000
31.000000000
-32.000000000
31.000000000
-32.000000000
31.000000000
31.000000000
-32.000000000
-32.000000000
-32.000000000
31.000000000
31.000000000
31.000000000
-32.000000000
31.000000000
31.000000000
-32.000000000
31.000000000
31.000000000
-32.000000000
31.000000000
-32.000000000
-32.000000000
-32.000000000
-32.000000000
-32.000000000
31.000000000
31.000000000
-32.000000000
-32.000000000
31.000000000
-32.000000000
-32.000000000
-32.000000000
31.000000000
31.000000000
-32.000000000
-32.000000000
31.000000000
31.000000000
-32.000000000
-32.000000000
31.000000000
31.000000000
31.000000000
-32.000000000
31.000000000
-32.000000000
31.000000000
31.000000000
31.000000000
31.000000000
-32.000000000
-32.000000000
31.000000000
-32.000000000
31.000000000
31.000000000
31.000000000
31.000000000
-32.000000000
31.000000000
31.000000000
-32.000000000
31.000000000
31.000000000
31.000000000
-32.000000000
31.000000000
-32.000000000
31.000000000
31.000000000
-32.000000000
31.000000000
31.000000000
-32.000000000
-32.000000000
-32.000000000
-32.000000000
-32.000000000
31.000000000
-32.000000000
31.000000000
31.000000000
31.000000000
-32.000000000
-32.000000000
31.000000000
-32.000000000
-32.000000000
-32.000000000
-32.000000000
31.000000000
31.000000000
-32.000000000
31.000000000
-32.000000000
-32.000000000
31.000000000
31.000000000
31.000000000
-32.000000000
31.000000000
-32.000000000
31.000000000
31.000000000
-32.000000000
-32.000000000
-32.000000000
-32.000000000
-32.000000000
-32.000000000
-32.000000000
-32.000000000
31.000000000
-32.000000000
-32.000000000
31.000000000
-32.000000000
31.000000000
31.000000000
-32.000000000
31.000000000
-32.000000000
31.000000000
31.000000000
31.000000000
-32.000000000
-32.000000000
31.000000000
31.000000000
-32.000000000
-32.000000000
31.000000000
31.000000000
-32.000000000
-32.000000000
-32.000000000
-32.000000000
-32.000000000
31.000000000
-32.000000000
31.000000000
-32.000000000
31.000000000
-32.000000000
-32.000000000
31.000000000
31.000000000
-32.000000000
-32.000000000
-32.000000000
-32.000000000
-32.000000000
31.000000000
31.000000000
-32.000000000
31.000000000
31.000000000
31.000000000
-32.000000000
31.000000000
-32.000000000
31.000000000
-32.000000000
31.000000000
-32.000000000
-32.000000000
31.000000000
-32.000000000
-32.000000000
-32.000000000
-32.000000000
-32.000000000
-32.000000000
-32.000000000
-32.000000000
31.000000000
31.000000000
-32.000000000
-32.000000000
31.000000000
31.000000000
31.000000000
-32.000000000
31.000000000
-32.000000000
-32.000000000
31.000000000
-32.000000000
-32.000000000
-32.000000000
-32.000000000
31.000000000
31.000000000
-32.000000000
-32.000000000
31.000000000
-32.000000000
31.000000000
-32.000000000
-32.000000000
31.000000000
31.000000000
31.000000000
31.000000000
-32.000000000
31.000000000
-32.000000000
31.000000000
31.000000000
-32.000000000
31.000000000
31.000000000
31.000000000
31.000000000
-32.000000000
-32.000000000
31.000000000
31.000000000
31.000000000
-32.000000000
-32.000000000
-32.000000000
-32.000000000
31.000000000
31.000000000
31.000000000
-32.000000000
31.000000000
-32.000000000
-32.000000000
31.000000000
31.000000000
31.000000000
-32.000000000
-32.000000000
31.000000000
31.000000000
-32.000000000
31.000000000
-32.000000000
-32.000000000
31.000000000
31.000000000
31.000000000
31.000000000
-32.000000000
-32.000000000
-32.000000000
31.000000000
-32.000000000
31.000000000
31.000000000
31.000000000
31.000000000
31.000000000
31.000000000
-32.000000000
31.000000000
-32.000000000
-32.000000000
31.000000000
31.000000000
31.000000000
-32.000000000
31.000000000
-32.000000000
31.000000000
31.000000000
-32.000000000
-32.000000000
31.000000000
-32.000000000
-32.000000000
-32.000000000
-32.000000000
-32.000000000
31.000000000
31.000000000
-32.000000000
31.000000000
31.000000000
-32.000000000
31.000000000
-32.000000000
-32.000000000
31.000000000
-32.000000000
-32.000000000
-32.000000000
-32.000000000
-32.000000000
31.000000000
31.000000000
-32.000000000
-32.000000000
31.000000000
-32.000000000
31.000000000
-32.000000000
-32.000000000
-32.000000000
-32.000000000
-32.000000000
-32.000000000
-32.000000000
31.000000000
31.000000000
31.000000000
-32.000000000
-32.000000000
-32.000000000
-32.000000000
-32.000000000
-32.000000000
-32.000000000
31.000000000
-32.000000000
31.000000000
31.000000000
-32.000000000
-32.000000000
31.000000000
31.000000000
-32.000000000
-32.000000000
31.000000000
-32.000000000
-32.000000000
-32.000000000
31.000000000
31.000000000
31.000000000
-32.000000000
-32.000000000
31.000000000
31.000000000
31.000000000
-32.000000000
31.000000000
-18.390624933
-32.000000000
-32.000000000
-32.000000000
31.000000000
-32.000000000
-32.000000000
-27.414062466
-32.000000000
31.000000000
31.000000000
-32.000000000
-32.000000000
-32.000000000
-21.140624933
-32.000000000
-32.000000000
31.000000000
31.000000000
-32.000000000
31.000000000
-32.000000000
31.000000000
31.000000000
31.000000000
-32.000000000
31.000000000
-32.000000000
31.000000000
31.000000000
31.000000000
31.000000000
31.000000000
-32.000000000
-32.000000000
31.000000000
31.000000000
31.000000000
31.000000000
-32.000000000
31.000000000
-32.000000000
31.000000000
-32.000000000
31.000000000
31.000000000
-32.000000000
31.000000000
31.000000000
31.000000000
-32.000000000
31.000000000
31.000000000
-32.000000000
-32.000000000
-32.000000000
27.500000000
24.062500000
31.000000000
-32.000000000
31.000000000
31.000000000
-32.000000000
-27.500000000
-32.000000000
-32.000000000
-32.000000000
31.000000000
-32.000000000
31.000000000
31.000000000
-32.000000000
-32.000000000
-32.000000000
31.000000000
-32.000000000
-32.000000000
-32.000000000
-32.000000000
-32.000000000
31.000000000
31.000000000
31.000000000
-32.000000000
-32.000000000
-32.000000000
31.000000000
-32.000000000
-32.000000000
-32.000000000
31.000000000
-32.000000000
31.000000000
-32.000000000
31.000000000
31.000000000
31.000000000
-32.000000000
-32.000000000
31.000000000
31.000000000
-32.000000000
-32.000000000
31.000000000
-32.000000000
-32.000000000
-32.000000000
-32.000000000
31.000000000
-32.000000000
-32.000000000
31.000000000
31.000000000
-32.000000000
-32.000000000
-32.000000000
-32.000000000
31.000000000
31.000000000
31.000000000
-32.000000000
-32.000000000
-32.000000000
-32.000000000
31.000000000
31.000000000
-27.791124560
31.000000000
-32.000000000
-32.000000000
31.000000000
-32.000000000
-32.000000000
31.000000000
-32.000000000
-32.000000000
31.000000000
-32.000000000
31.000000000
-24.750000000
31.000000000
31.000000000
31.000000000
-32.000000000
31.000000000
31.000000000
21.312500000
31.000000000
31.000000000
-32.000000000
-32.000000000
-32.000000000
-32.000000000
-32.000000000
-32.000000000
-32.000000000
31.000000000
-32.000000000
31.000000000
31.000000000
-32.000000000
31.000000000
31.000000000
31.000000000
31.000000000
-32.000000000
-32.000000000
-32.000000000
-32.000000000
-32.000000000
-32.000000000
-32.000000000
-32.000000000
-32.000000000
-32.000000000
31.000000000
-32.000000000
31.000000000
31.000000000
31.000000000
31.000000000
-32.000000000
31.000000000
-32.000000000
-32.000000000
31.000000000
-32.000000000
31.000000000
31.000000000
-32.000000000
-32.000000000
31.000000000
-32.000000000
-32.000000000
-32.000000000
31.000000000
31.000000000
-32.000000000
-32.000000000
-32.000000000
-32.000000000
-32.000000000
31.000000000
-32.000000000
31.000000000
-32.000000000
31.000000000
-32.000000000
31.000000000
-32.000000000
31.000000000
31.000000000
31.000000000
31.000000000
31.000000000
31.000000000
-32.000000000
31.000000000
-32.000000000
-32.000000000
-32.000000000
-32.000000000
-32.000000000
31.000000000
31.000000000
31.000000000
-32.000000000
31.000000000
31.000000000
31.000000000
31.000000000
31.000000000
-32.000000000
31.000000000
-32.000000000
-32.000000000
-32.000000000
-32.000000000
-32.000000000
31.000000000
31.000000000
31.000000000
-32.000000000
31.000000000
31.000000000
-32.000000000
-32.000000000
-32.000000000
-32.000000000
31.000000000
-32.000000000
-32.000000000
31.000000000
31.000000000
-32.000000000
31.000000000
-32.000000000
-32.000000000
31.000000000
31.000000000
-32.000000000
-32.000000000
-27.501471442
31.000000000
21.314202033
4.125000000
-27.501119227
-32.000000000
-27.322915877
31.000000000
-29.564202034
19.851939026
6.875000000
-32.000000000
31.000000000
31.000000000
31.000000000
-32.000000000
-32.000000000
31.000000000
31.000000000
31.000000000
-32.000000000
-32.000000000
31.000000000
31.000000000
31.000000000
-32.000000000
-32.000000000
-32.000000000
31.000000000
31.000000000
-32.000000000
31.000000000
-32.000000000
31.000000000
31.000000000
31.000000000
31.000000000
-32.000000000
31.000000000
-32.000000000
-32.000000000
-32.000000000
31.000000000
-32.000000000
-32.000000000
-32.000000000
31.000000000
31.000000000
-32.000000000
31.000000000
-32.000000000
-32.000000000
31.000000000
-32.000000000
31.000000000
31.000000000
-32.000000000
31.000000000
31.000000000
-32.000000000
-32.000000000
31.000000000
31.000000000
-32.000000000
31.000000000
31.000000000
31.000000000
31.000000000
31.000000000
31.000000000
31.000000000
-32.000000000
-32.000000000
-32.000000000
-32.000000000
-32.000000000
31.000000000
31.000000000
31.000000000
31.000000000
-32.000000000
31.000000000
31.000000000
-32.000000000
31.000000000
31.000000000
-32.000000000
31.000000000
31.000000000
31.000000000
31.000000000
31.000000000
-30.246054996
-32.000000000
-32.000000000
-30.520461796
-32.000000000
-32.000000000
31.000000000
-32.000000000
-30.246053340
31.000000000
31.000000000
-32.000000000
28.107496962
-32.000000000
31.000000000
-32.000000000
27.050757244
31.000000000
-32.000000000
-26.812500000
-32.000000000
-32.000000000
-32.000000000
31.000000000
-32.000000000
-32.000000000
31.000000000
31.000000000
-32.000000000
31.000000000
31.000000000
-32.000000000
31.000000000
31.000000000
-32.000000000
-32.000000000
31.000000000
31.000000000
-32.000000000
31.000000000
31.000000000
31.000000000
-32.000000000
31.000000000
31.000000000
-32.000000000
31.000000000
31.000000000
-32.000000000
-32.000000000
-32.000000000
-32.000000000
31.000000000
31.000000000
-32.000000000
-32.000000000
31.000000000
-32.000000000
31.000000000
-32.000000000
31.000000000
-32.000000000
-32.000000000
31.000000000
-32.000000000
31.000000000
31.000000000
31.000000000
31.000000000
31.000000000
-32.000000000
-32.000000000
31.000000000
-32.000000000
31.000000000
-32.000000000
-32.000000000
-32.000000000
-32.000000000
31.000000000
31.000000000
-32.000000000
-32.000000000
31.000000000
-32.000000000
31.000000000
31.000000000
31.000000000
-23.397885879
31.000000000
-32.000000000
30.170042084
-32.000000000
-32.000000000
-32.000000000
31.000000000
31.000000000
-32.000000000
-28.042153032
-32.000000000
31.000000000
31.000000000
31.000000000
31.000000000
-32.000000000
-32.000000000
31.000000000
31.000000000
-32.000000000
31.000000000
31.000000000
31.000000000
31.000000000
31.000000000
31.000000000
-32.000000000
31.000000000
31.000000000
-32.000000000
-32.000000000
-32.000000000
31.000000000
-32.000000000
31.000000000
31.000000000
31.000000000
-32.000000000
-32.000000000
-32.000000000
-32.000000000
-32.000000000
31.000000000
31.000000000
31.000000000
31.000000000
-32.000000000
-32.000000000
31.000000000
-32.000000000
-32.000000000
31.000000000
31.000000000
-32.000000000
-32.000000000
31.000000000
31.000000000
31.000000000
-32.000000000
31.000000000
31.000000000
-32.000000000
-32.000000000
-32.000000000
-32.000000000
-32.000000000
31.000000000
31.000000000
-32.000000000
-32.000000000
-32.000000000
-32.000000000
-32.000000000
31.000000000
31.000000000
31.000000000
31.000000000
-32.000000000
31.000000000
-32.000000000
-32.000000000
-32.000000000
31.000000000
-32.000000000
31.000000000
31.000000000
-32.000000000
-32.000000000
-32.000000000
31.000000000
-32.000000000
31.000000000
-32.000000000
-32.000000000
31.000000000
31.000000000
31.000000000
31.000000000
31.000000000
31.000000000
-32.000000000
-32.000000000
31.000000000
-32.000000000
31.000000000
-32.000000000
-32.000000000
31.000000000
31.000000000
31.000000000
-32.000000000
31.000000000
-32.000000000
31.000000000
-32.000000000
-32.000000000
31.000000000
-32.000000000
-32.000000000
31.000000000
-32.000000000
31.000000000
31.000000000
31.000000000
31.000000000
-32.000000000
-32.000000000
-32.000000000
31.000000000
-32.000000000
-32.000000000
31.000000000
31.000000000
-32.000000000
25.437500000
23.374999977
31.000000000
31.000000000
-32.000000000
31.000000000
31.000000000
31.000000000
31.000000000
31.000000000
31.000000000
31.000000000
29.716809591
-32.000000000
25.591747176
-31.091809596
31.000000000
18.716767785
31.000000000
19.404309026
-19.404309598
22.129575892
15.277607564
-30.391831212
-32.000000000
18.630736880
1.847368056
-26.158289426
-27.654209299
21.466809598
31.000000000
25.032369842
-11.068946913
13.904307837
-8.465418959
18.716801149
31.000000000
-26.193946913
-12.546299398
-17.856683179
-32.000000000
22.154309598
-21.381371970
31.000000000
31.000000000
-32.000000000
19.919183179
-32.000000000
31.000000000
31.000000000
31.000000000
31.000000000
31.000000000
-32.000000000
-32.000000000
-32.000000000
-32.000000000
-32.000000000
-32.000000000
31.000000000
31.000000000
-32.000000000
-32.000000000
31.000000000
31.000000000
31.000000000
-32.000000000
-32.000000000
-32.000000000
31.000000000
31.000000000
-32.000000000
-32.000000000
22.687500000
31.000000000
31.000000000
31.000000000
-32.000000000
24.646538292
31.000000000
31.000000000
-32.000000000
-32.000000000
31.000000000
31.000000000
28.124824152
-32.000000000
-32.000000000
-32.000000000
29.562499906
-32.000000000
31.000000000
31.000000000
31.000000000
-32.000000000
31.000000000
-32.000000000
-32.000000000
31.000000000
31.000000000
-32.000000000
31.000000000
-32.000000000
31.000000000
-32.000000000
-32.000000000
-32.000000000
-32.000000000
31.000000000
31.000000000
-32.000000000
-32.000000000
31.000000000
31.000000000
31.000000000
31.000000000
31.000000000
31.000000000
-32.000000000
31.000000000
31.000000000
-32.000000000
31.000000000
31.000000000
31.000000000
31.000000000
31.000000000
-32.000000000
31.000000000
-32.000000000
-32.000000000
31.000000000
-32.000000000
31.000000000
-32.000000000
-32.000000000
31.000000000
31.000000000
31.000000000
31.000000000
31.000000000
-32.000000000
-32.000000000
-32.000000000
-32.000000000
-32.000000000
-32.000000000
-32.000000000
31.000000000
31.000000000
-32.000000000
-32.000000000
31.000000000
31.000000000
31.000000000
31.000000000
-32.000000000
31.000000000
-32.000000000
-32.000000000
-32.000000000
31.000000000
31.000000000
-23.365732097
-32.000000000
-32.000000000
31.000000000
-32.000000000
31.000000000
-32.000000000
-32.000000000
-18.081082227
12.375000008
19.454379616
-5.704380186
14.643582227
-29.768582123
31.000000000
31.000000000
6.393582227
-32.000000000
31.000000000
31.000000000
-20.038608484
-32.000000000
-8.456082227
-8.455851628
31.000000000
31.000000000
31.000000000
28.393582227
22.893582227
-32.000000000
29.081082227
30.439295568
31.000000000
-32.000000000
-32.000000000
30.250000000
-32.000000000
-32.000000000
-32.000000000
-32.000000000
-32.000000000
-32.000000000
-32.000000000
31.000000000
31.000000000
-32.000000000
31.000000000
31.000000000
-32.000000000
31.000000000
-32.000000000
-32.000000000
-32.000000000
31.000000000
31.000000000
31.000000000
31.000000000
-32.000000000
-32.000000000
31.000000000
-32.000000000
-32.000000000
31.000000000
-32.000000000
31.000000000
-32.000000000
31.000000000
-32.000000000
-32.000000000
31.000000000
31.000000000
31.000000000
31.000000000
-32.000000000
-32.000000000
31.000000000
-32.000000000
31.000000000
31.000000000
-32.000000000
-32.000000000
31.000000000
31.000000000
31.000000000
-32.000000000
-30.540733484
-32.000000000
-32.000000000
31.000000000
31.000000000
31.000000000
31.000000000
31.000000000
31.000000000
-32.000000000
-32.000000000
31.000000000
31.000000000
-32.000000000
-32.000000000
-32.000000000
-32.000000000
31.000000000
31.000000000
31.000000000
28.262854313
28.262854330
-32.000000000
25.770983900
-32.000000000
31.000000000
21.460906605
22.762854337
-25.694931405
-13.120422854
-18.809739662
-29.803265311
5.940282123
0.589633766
29.588080544
-6.885268102
-5.870131748
-10.888288235
-32.000000000
29.122239662
-26.815380864
6.679379417
-32.000000000
31.000000000
31.000000000
-24.822072959
31.000000000
31.000000000
-32.000000000
31.000000000
-32.000000000
31.000000000
31.000000000
31.000000000
31.000000000
-32.000000000
31.000000000
-32.000000000
31.000000000
31.000000000
31.000000000
31.000000000
-32.000000000
-32.000000000
-32.000000000
-32.000000000
31.000000000
-32.000000000
-32.000000000
31.000000000
31.000000000
31.000000000
31.000000000
-32.000000000
-32.000000000
31.000000000
31.000000000
31.000000000
-32.000000000
-32.000000000
31.000000000
31.000000000
-32.000000000
31.000000000
31.000000000
-32.000000000
31.000000000
-32.000000000
31.000000000
31.000000000
-32.000000000
-32.000000000
31.000000000
-32.000000000
31.000000000
31.000000000
-32.000000000
31.000000000
31.000000000
-32.000000000
-32.000000000
31.000000000
-32.000000000
-32.000000000
-32.000000000
-32.000000000
31.000000000
31.000000000
31.000000000
-32.000000000
-32.000000000
-32.000000000
-32.000000000
-32.000000000
-32.000000000
-32.000000000
31.000000000
31.000000000
-32.000000000
-32.000000000
-32.000000000
31.000000000
31.000000000
-32.000000000
-32.000000000
31.000000000
31.000000000
31.000000000
31.000000000
-32.000000000
31.000000000
31.000000000
-32.000000000
31.000000000
31.000000000
31.000000000
-32.000000000
31.000000000
-32.000000000
-32.000000000
31.000000000
31.000000000
31.000000000
31.000000000
-32.000000000
31.000000000
31.000000000
31.000000000
-32.000000000
31.000000000
31.000000000
-32.000000000
-32.000000000
31.000000000
31.000000000
31.000000000
31.000000000
31.000000000
-32.000000000
-32.000000000
31.000000000
31.000000000
-32.000000000
31.000000000
31.000000000
31.000000000
31.000000000
31.000000000
-32.000000000
31.000000000
31.000000000
31.000000000
-32.000000000
-32.000000000
-32.000000000
-32.000000000
31.000000000
-32.000000000
31.000000000
31.000000000
-32.000000000
-32.000000000
-32.000000000
-32.000000000
-32.000000000
31.000000000
-32.000000000
-32.000000000
-32.000000000
31.000000000
-32.000000000
31.000000000
-32.000000000
-32.000000000
31.000000000
-32.000000000
31.000000000
31.000000000
31.000000000
-32.000000000
-32.000000000
5.262435622
31.000000000
23.824935622
-8.474967811
-25.437499923
30.249999990
31.000000000
22.449935473
-32.000000000
21.312500000
31.000000000
31.000000000
28.187499995
31.000000000
31.000000000
-32.000000000
-32.000000000
31.000000000
-32.000000000
-32.000000000
31.000000000
31.000000000
31.000000000
-32.000000000
31.000000000
-32.000000000
31.000000000
-32.000000000
31.000000000
31.000000000
-32.000000000
-32.000000000
-32.000000000
-32.000000000
-32.000000000
-32.000000000
31.000000000
-32.000000000
31.000000000
-32.000000000
-20.885795134
-29.559141569
-26.335961234
-9.623111777
16.500000000
-19.460016229
-28.756497653
-28.379762511
20.623080484
10.312495776
26.124756031
-19.161012750
2.750000000
-12.374055811
-32.000000000
-32.000000000
31.000000000
31.000000000
-32.000000000
-32.000000000
-32.000000000
-32.000000000
-32.000000000
-32.000000000
-32.000000000
-32.000000000
-32.000000000
31.000000000
-32.000000000
31.000000000
31.000000000
-32.000000000
-32.000000000
31.000000000
31.000000000
-32.000000000
31.000000000
-32.000000000
-32.000000000
-32.000000000
24.062269422
31.000000000
-32.000000000
31.000000000
31.000000000
22.600237009
31.000000000
10.312493416
-21.692997123
31.000000000
-32.000000000
30.249999919
11.687500014
25.128942316
0.306855295
24.043100371
31.000000000
31.000000000
23.755640468
-26.505644721
17.875000016
-10.846572351
-20.318144703
31.000000000
-32.000000000
-32.000000000
-32.000000000
-32.000000000
-32.000000000
-32.000000000
-32.000000000
-32.000000000
-32.000000000
-32.000000000
-32.000000000
-32.000000000
-32.000000000
-32.000000000
-32.000000000
-32.000000000
31.000000000
-32.000000000
31.000000000
-32.000000000
-32.000000000
31.000000000
-32.000000000
31.000000000
31.000000000
31.000000000
-32.000000000
-32.000000000
-32.000000000
31.000000000
31.000000000
-32.000000000
-32.000000000
-32.000000000
-32.000000000
-32.000000000
31.000000000
31.000000000
31.000000000
-32.000000000
31.000000000
31.000000000
31.000000000
31.000000000
31.000000000
-32.000000000
31.000000000
-32.000000000
-32.000000000
-32.000000000
-32.000000000
-32.000000000
31.000000000
31.000000000
-32.000000000
-32.000000000
-32.000000000
31.000000000
-32.000000000
31.000000000
-32.000000000
31.000000000
-32.000000000
31.000000000
-32.000000000
31.000000000
31.000000000
31.000000000
31.000000000
31.000000000
31.000000000
31.000000000
-32.000000000
-32.000000000
-32.000000000
-32.000000000
-32.000000000
31.000000000
31.000000000
31.000000000
31.000000000
31.000000000
-32.000000000
-32.000000000
-32.000000000
-32.000000000
31.000000000
31.000000000
31.000000000
-32.000000000
31.000000000
-32.000000000
31.000000000
31.000000000
-32.000000000
31.000000000
31.000000000
-32.000000000
31.000000000
-7.185868564
31.000000000
30.560318802
31.000000000
31.000000000
12.685868564
27.810868561
31.000000000
31.000000000
-32.000000000
-32.000000000
31.000000000
31.000000000
-32.000000000
31.000000000
31.000000000
-32.000000000
31.000000000
31.000000000
-32.000000000
31.000000000
31.000000000
-32.000000000
31.000000000
-32.000000000
31.000000000
31.000000000
-32.000000000
-32.000000000
31.000000000
-32.000000000
-32.000000000
31.000000000
31.000000000
31.000000000
-32.000000000
-32.000000000
-32.000000000
-32.000000000
31.000000000
-32.000000000
31.000000000
-32.000000000
31.000000000
31.000000000
31.000000000
-32.000000000
31.000000000
31.000000000
-32.000000000
31.000000000
-32.000000000
-32.000000000
31.000000000
31.000000000
-32.000000000
31.000000000
-32.000000000
-32.000000000
-32.000000000
31.000000000
-32.000000000
31.000000000
31.000000000
31.000000000
31.000000000
-32.000000000
31.000000000
-32.000000000
-32.000000000
31.000000000
-32.000000000
-32.000000000
31.000000000
-32.000000000
-32.000000000
-32.000000000
-32.000000000
31.000000000
-32.000000000
-32.000000000
-32.000000000
-32.000000000
31.000000000
-32.000000000
31.000000000
-32.000000000
31.000000000
31.000000000
31.000000000
31.000000000
31.000000000
-32.000000000
-32.000000000
-32.000000000
31.000000000
-32.000000000
31.000000000
31.000000000
-32.000000000
-32.000000000
31.000000000
31.000000000
-32.000000000
-32.000000000
-32.000000000
-32.000000000
31.000000000
-32.000000000
-32.000000000
-32.000000000
31.000000000
31.000000000
31.000000000
31.000000000
-32.000000000
31.000000000
-32.000000000
-32.000000000
-32.000000000
-32.000000000
31.000000000
31.000000000
31.000000000
-32.000000000
-32.000000000
-32.000000000
-32.000000000
-32.000000000
31.000000000
-32.000000000
31.000000000
-32.000000000
-32.000000000
31.000000000
31.000000000
-32.000000000
-32.000000000
-32.000000000
-32.000000000
31.000000000
-32.000000000
31.000000000
-32.000000000
31.000000000
31.000000000
-32.000000000
31.000000000
-32.000000000
31.000000000
-32.000000000
31.000000000
-32.000000000
-32.000000000
31.000000000
31.000000000
31.000000000
31.000000000
-32.000000000
31.000000000
-32.000000000
31.000000000
-32.000000000
-32.000000000
-32.000000000
-32.000000000
31.000000000
31.000000000
-32.000000000
31.000000000
31.000000000
-32.000000000
31.000000000
31.000000000
31.000000000
-32.000000000
31.000000000
-32.000000000
31.000000000
31.000000000
31.000000000
-30.250000000
-32.000000000
31.000000000
-12.375000000
2.750000000
-17.875000000
-18.562500000
26.812500000
27.017193683
15.812500000
31.000000000
-32.000000000
-6.187500000
-27.499995697
31.000000000
31.000000000
-32.000000000
31.000000000
-32.000000000
-32.000000000
-24.749995426
-32.000000000
-32.000000000
-19.248297966
31.000000000
31.000000000
-32.000000000
-29.562499650
-21.312500078
-28.872121789
3.437500000
17.187500078
-32.000000000
-32.000000000
-32.000000000
31.000000000
31.000000000
9.625000077
-27.500000078
-30.935798044
26.125000077
-32.000000000
31.000000000
-32.000000000
30.250000078
-32.000000000
31.000000000
31.000000000
31.000000000
31.000000000
31.000000000
31.000000000
-32.000000000
-32.000000000
-32.000000000
31.000000000
31.000000000
-32.000000000
31.000000000
31.000000000
31.000000000
31.000000000
31.000000000
-32.000000000
-32.000000000
-32.000000000
-32.000000000
-32.000000000
31.000000000
31.000000000
31.000000000
31.000000000
-32.000000000
-32.000000000
-32.000000000
31.000000000
-32.000000000
31.000000000
-32.000000000
-32.000000000
31.000000000
31.000000000
-32.000000000
-32.000000000
31.000000000
-32.000000000
-32.000000000
31.000000000
-32.000000000
31.000000000
-32.000000000
31.000000000
-32.000000000
31.000000000
-32.000000000
31.000000000
-32.000000000
-32.000000000
-32.000000000
-32.000000000
-32.000000000
-32.000000000
-32.000000000
-32.000000000
-32.000000000
31.000000000
31.000000000
-32.000000000
31.000000000
-32.000000000
-32.000000000
31.000000000
-32.000000000
-32.000000000
31.000000000
31.000000000
-32.000000000
31.000000000
31.000000000
-32.000000000
31.000000000
31.000000000
-32.000000000
31.000000000
31.000000000
-32.000000000
-32.000000000
-32.000000000
31.000000000
-32.000000000
-32.000000000
31.000000000
-32.000000000
-32.000000000
-32.000000000
-32.000000000
31.000000000
-32.000000000
-32.000000000
31.000000000
-32.000000000
31.000000000
31.000000000
31.000000000
-32.000000000
31.000000000
31.000000000
31.000000000
-32.000000000
-32.000000000
-32.000000000
-32.000000000
-32.000000000
-32.000000000
-26.815930920
31.000000000
30.940930910
6.190930921
31.000000000
-28.190465022
5.501728994
0.003430921
6.876728994
3.440899968
1.371573303
-11.003430871
-0.690930272
17.185766726
-18.564192988
-9.829694009
18.767194052
5.496569079
-11.003430367
-19.937531075
-8.251720556
12.376728886
-13.739224043
10.315931027
28.791167926
-3.435766726
-4.123266747
31.000000000
-32.000000000
-32.000000000
-20.628431027
-32.000000000
31.000000000
-32.000000000
-32.000000000
31.000000000
31.000000000
-32.000000000
-32.000000000
31.000000000
-32.000000000
-32.000000000
-32.000000000
-32.000000000
31.000000000
31.000000000
31.000000000
-32.000000000
-32.000000000
-32.000000000
-32.000000000
-32.000000000
31.000000000
-32.000000000
-32.000000000
31.000000000
-32.000000000
31.000000000
31.000000000
31.000000000
31.000000000
31.000000000
-32.000000000
31.000000000
31.000000000
-32.000000000
-32.000000000
31.000000000
-32.000000000
-32.000000000
31.000000000
31.000000000
-32.000000000
31.000000000
31.000000000
-32.000000000
31.000000000
31.000000000
31.000000000
31.000000000
31.000000000
-32.000000000
-32.000000000
31.000000000
-32.000000000
31.000000000
31.000000000
31.000000000
31.000000000
31.000000000
-32.000000000
-32.000000000
31.000000000
-32.000000000
31.000000000
-32.000000000
31.000000000
-32.000000000
31.000000000
31.000000000
-32.000000000
-32.000000000
31.000000000
-32.000000000
31.000000000
-32.000000000
-32.000000000
31.000000000
-32.000000000
-32.000000000
31.000000000
-32.000000000
31.000000000
31.000000000
31.000000000
25.729542346
0.979542295
-32.000000000
31.000000000
31.000000000
-32.000000000
-32.000000000
-14.583521147
28.187497288
31.000000000
31.000000000
-32.000000000
4.417042295
-32.000000000
31.000000000
-32.000000000
31.000000000
31.000000000
31.000000000
-24.148114058
-32.000000000
31.000000000
31.000000000
31.000000000
-32.000000000
31.000000000
15.898114058
25.284841693
31.000000000
-32.000000000
-32.000000000
31.000000000
31.000000000
-17.874999923
-17.187500000
31.000000000
-32.000000000
-32.000000000
31.000000000
-32.000000000
-27.138762145
31.000000000
27.119550915
-24.052929271
27.683752334
-31.538783619
26.480234003
-16.769791542
31.000000000
-24.968460673
-32.000000000
-14.377345404
31.000000000
8.877356271
-30.250000000
-30.249978828
17.814856271
20.625000000
31.000000000
31.000000000
31.000000000
31.000000000
-17.874999997
31.000000000
-32.000000000
31.000000000
31.000000000
-27.488601047
-26.752013894
21.596480191
-17.642935914
-17.127361649
-18.158980197
-18.400639765
2.374520306
-14.040000589
6.901684668
-4.872725787
10.904342393
14.376891691
4.735501198
-16.741414416
3.377364252
9.221480066
26.275827069
21.896712007
-23.998184482
12.688291608
-32.000000000
24.689840110
27.902837599
-0.965094624
19.877366741
-32.000000000
-22.056595107
-30.652837598
27.215337599
26.527837599
-5.510055051
-25.849952545
31.000000000
31.000000000
-25.152663792
25.631065912
28.590337599
-32.000000000
31.000000000
-32.000000000
31.000000000
-32.000000000
31.000000000
-32.000000000
-32.000000000
-32.000000000
-32.000000000
31.000000000
31.000000000
-32.000000000
31.000000000
31.000000000
31.000000000
31.000000000
31.000000000
-32.000000000
-32.000000000
-32.000000000
-32.000000000
31.000000000
31.000000000
-32.000000000
31.000000000
31.000000000
-32.000000000
31.000000000
-32.000000000
-32.000000000
31.000000000
31.000000000
-32.000000000
-32.000000000
31.000000000
-32.000000000
-32.000000000
-32.000000000
31.000000000
-32.000000000
31.000000000
-32.000000000
31.000000000
-32.000000000
31.000000000
31.000000000
31.000000000
-32.000000000
-32.000000000
-32.000000000
31.000000000
-32.000000000
31.000000000
-32.000000000
31.000000000
31.000000000
31.000000000
-32.000000000
-32.000000000
-32.000000000
31.000000000
31.000000000
-32.000000000
-32.000000000
-32.000000000
31.000000000
31.000000000
31.000000000
31.000000000
31.000000000
-32.000000000
31.000000000
31.000000000
31.000000000
31.000000000
31.000000000
-32.000000000
31.000000000
31.000000000
31.000000000
-32.000000000
-32.000000000
-32.000000000
31.000000000
-32.000000000
31.000000000
31.000000000
-32.000000000
31.000000000
31.000000000
31.000000000
-32.000000000
31.000000000
31.000000000
-32.000000000
31.000000000
31.000000000
-32.000000000
31.000000000
31.000000000
31.000000000
31.000000000
31.000000000
-32.000000000
-32.000000000
-32.000000000
-32.000000000
31.000000000
31.000000000
31.000000000
31.000000000
31.000000000
-32.000000000
-32.000000000
31.000000000
31.000000000
31.000000000
-32.000000000
31.000000000
31.000000000
31.000000000
-32.000000000
31.000000000
-32.000000000
-32.000000000
-32.000000000
-32.000000000
-32.000000000
-32.000000000
31.000000000
31.000000000
31.000000000
-32.000000000
31.000000000
-32.000000000
-32.000000000
-32.000000000
31.000000000
-32.000000000
-32.000000000
31.000000000
31.000000000
-32.000000000
-32.000000000
31.000000000
31.000000000
31.000000000
-32.000000000
31.000000000
31.000000000
31.000000000
-32.000000000
31.000000000
31.000000000
31.000000000
31.000000000
31.000000000
-32.000000000
-32.000000000
-32.000000000
31.000000000
-32.000000000
-32.000000000
-32.000000000
31.000000000
31.000000000
-32.000000000
-32.000000000
31.000000000
31.000000000
-32.000000000
31.000000000
-32.000000000
31.000000000
-32.000000000
-32.000000000
31.000000000
-32.000000000
-32.000000000
-32.000000000
31.000000000
31.000000000
31.000000000
-32.000000000
31.000000000
-18.048024631
-32.000000000
31.000000000
17.360524631
-32.000000000
-32.000000000
31.000000000
31.000000000
31.000000000
-32.000000000
-32.000000000
-32.000000000
-32.000000000
-32.000000000
31.000000000
31.000000000
-32.000000000
-32.000000000
31.000000000
31.000000000
31.000000000
31.000000000
-32.000000000
31.000000000
-32.000000000
31.000000000
31.000000000
31.000000000
-32.000000000
-32.000000000
31.000000000
-32.000000000
-32.000000000
31.000000000
31.000000000
-32.000000000
-32.000000000
-26.125000000
31.000000000
31.000000000
-32.000000000
31.000000000
31.000000000
-32.000000000
-24.750000000
31.000000000
31.000000000
-32.000000000
31.000000000
31.000000000
-32.000000000
-32.000000000
31.000000000
31.000000000
31.000000000
-32.000000000
31.000000000
31.000000000
-32.000000000
-32.000000000
-32.000000000
31.000000000
-32.000000000
31.000000000
-32.000000000
31.000000000
31.000000000
-32.000000000
31.000000000
31.000000000
-32.000000000
-32.000000000
-32.000000000
31.000000000
-32.000000000
31.000000000
-32.000000000
-32.000000000
-32.000000000
31.000000000
-32.000000000
-32.000000000
31.000000000
31.000000000
-32.000000000
-32.000000000
-32.000000000
31.000000000
31.000000000
31.000000000
31.000000000
-32.000000000
31.000000000
31.000000000
31.000000000
-32.000000000
-32.000000000
31.000000000
31.000000000
-32.000000000
-32.000000000
-32.000000000
-32.000000000
-32.000000000
-32.000000000
-32.000000000
-32.000000000
31.000000000
31.000000000
31.000000000
31.000000000
31.000000000
31.000000000
-32.000000000
-32.000000000
31.000000000
31.000000000
-32.000000000
-32.000000000
-32.000000000
31.000000000
-32.000000000
31.000000000
31.000000000
-32.000000000
-32.000000000
31.000000000
-32.000000000
-32.000000000
31.000000000
-32.000000000
31.000000000
31.000000000
-32.000000000
31.000000000
31.000000000
-32.000000000
31.000000000
31.000000000
