70.000000000
-147.979412753
118.000000000
118.000000000
146.863103925
-123.999999998
133.250003972
70.000000000
119.999954601
-111.250005922
143.502000359
111.999994791
104.961069208
104.961947544
-105.249655250
84.000000000
-109.635245665
-104.658778870
-105.999662140
113.981381785
-136.289675059
87.999999968
-84.000000000
-109.999999168
-121.999908372
-131.964001221
-135.872571093
-134.339924957
-48.000000000
-89.998008462
81.722893744
84.000000000
-101.999999346
-91.999950152
-76.197640247
48.000000000
-76.197645564
76.194075874
99.802530728
88.340397239
123.284780015
105.828710518
-79.999664706
-89.881109435
-120.716496858
-105.305614322
-91.999999279
117.999999281
-79.999664691
-44.000000113
109.996855367
-76.000000110
86.000000110
-66.000000113
75.999954712
-44.000000097
-62.000000112
84.000000095
86.000000002
84.000000082
16.000000000
16.000000000
40.017566469
85.998335425
52.000814569
-16.000000000
-46.017566469
81.852292550
-81.885361966
-48.015009164
-40.014749135
-81.890638444
58.011578033
-57.968088277
63.123636058
-77.129679722
-62.003406872
-100.003399878
45.114948175
-59.106283475
1.838192548
-1.838192597
37.018519888
-51.018488424
47.985825280
55.940626300
-41.985824624
35.985840494
-1.838192579
-37.011599814
-51.985840220
-61.985795279
-61.985840791
-65.983364993
-1.838192548
-19.985840789
-102.725933676
-93.985840506
-53.985840663
65.985840791
103.856731783
-101.842841558
-91.985795392
-117.967638516
-125.859958368
-99.250000000
-81.985840791
-121.985095464
-121.874034469
147.985840425
-145.980635619
105.985840790
-99.250000000
-133.985795166
143.306852819
-143.871371064
165.152261424
-147.616433334
-110.000000000
110.000000000
-143.973330156
151.746103947
-145.873032000
110.000000000
145.999999970
-139.305613795
-140.000000000
137.997524297
-137.999999168
-127.999954601
-102.000000000
89.999999872
109.999954584
107.999954584
97.999573828
97.997479026
97.999954601
102.000000000
89.854625898
22.000000000
-22.000000000
117.981842403
-111.999664594
-64.000000000
-22.000000000
95.999954376
101.981850070
107.999993025
95.997524201
-88.000000000
64.000000000
72.000000000
87.997188906
89.995054728
89.981850070
-93.997524313
137.999327637
-99.999999985
86.000000000
-108.000000000
119.999999996
117.981850072
-99.997478184
-143.306683790
-105.999993024
106.000000000
-121.999999985
157.998987978
153.997461911
-110.000000000
-169.414759598
169.426457944
174.979514467
-135.426457946
-174.484455903
-135.408308018
135.408308018
159.999999966
177.426457940
154.704547176
138.320765596
126.722709496
-118.722709381
118.029371845
118.722361205
128.722709496
-115.306850855
88.000000000
88.000000000
-115.306685102
131.999522192
101.999998224
88.000000000
102.000000000
102.000000000
-153.857068370
-131.997188064
-121.979329900
117.999999985
115.997479026
96.000000000
-139.999658451
143.981520695
135.997511945
-157.999618266
141.997524315
-141.866543500
-96.000000000
-141.995053916
148.000000000
171.872991804
159.999999056
155.999664594
142.000000000
167.999999166
165.999999998
-175.999993743
-159.999664369
-147.963694575
151.999999887
116.000000000
145.997524188
-116.000000000
-116.000000000
-141.999999999
-124.001105808
124.001105823
-131.874045931
139.873071985
129.874172395
-123.998288605
-135.858156629
-146.000000000
-155.857734703
-129.858026829
-135.980501331
-131.999999887
-111.999999998
127.977562221
-111.999999885
-112.000000000
155.999993852
-151.999952684
128.000000000
115.999999861
-115.999999981
125.999585564
165.040593748
79.788386239
115.999494787
-105.195458796
105.195458803
-123.684422231
117.788385204
137.826156709
79.788386224
117.770235493
-123.788349482
-123.788386239
139.788005447
117.977620193
-159.972643232
97.788386238
117.997063566
128.000000000
-157.857068371
-125.999953768
-123.845366733
127.999942313
135.814464643
-137.999999168
-116.000000000
-139.873031959
-125.999999885
135.997477369
-118.000000000
143.992467836
-92.000000000
92.000000000
-132.003609568
-112.040314624
-103.000086869
-92.000000000
135.686476687
-107.039453412
109.683338526
129.450546992
110.040314746
101.000086869
-85.999956101
96.040314740
61.040402447
81.697420170
-27.040396048
-27.040402447
-51.993285235
-24.000000000
47.000087700
24.000000000
-23.952984594
56.000000000
32.040314744
27.033686506
-71.714182356
-39.000087659
97.999966976
-84.040291531
-51.040402441
-27.040402441
-103.040402440
-121.022126034
115.000087551
-27.040402441
103.040340318
85.040402441
-85.040402441
119.033033049
113.037924777
161.697408644
-79.040402441
-123.929912131
105.999999995
-105.999999995
-147.999999166
-149.873071256
-145.981850057
155.999954486
149.999993854
-149.999999149
-129.999664590
143.999999034
108.000000000
-102.000000000
103.999664593
-103.982460598
-110.018262709
97.999664592
80.037044850
-71.999676800
-72.037044962
91.999657009
-72.037092077
72.036756672
-91.999999168
89.982504994
72.000000000
82.000000000
-113.964622495
-105.325226834
104.037091214
-115.873066564
131.999993733
150.036743980
-143.997524313
-163.994732993
163.997524310
-153.999999852
-137.999999964
125.148991565
93.148991565
-93.148991565
123.022063512
139.999999964
-123.999954601
93.148991565
122.793428349
-123.999999887
-145.981829074
161.997478086
141.997518054
-133.999664594
-128.000000000
-157.304205270
-151.870851175
143.981469140
-145.999954601
-141.240216170
115.999954601
-115.999619210
96.000000000
-143.854838113
-113.997189738
-113.872776558
99.999999998
113.997524313
-123.999999999
96.000000000
133.999997488
113.999999985
113.999993856
100.000000000
113.999999984
-135.999986880
-167.305614210
161.997183591
-161.999954601
-161.232832485
-138.000000000
-149.999999870
131.997479028
-121.999664479
-121.999999998
153.997478199
153.872765625
-141.999618378
-122.000000000
-131.999999985
-130.000000000
-141.999954601
-151.306662396
151.999664578
-177.999954599
-147.999993855
159.999985760
167.151754600
166.466385376
151.159627523
-139.158558501
-151.159627634
-117.159627636
-117.141477708
-145.999998072
-121.159627636
121.159627636
-117.159627636
155.958434402
184.760869356
-139.159627636
152.000000000
-156.000000000
169.999999998
-189.976993546
185.981849851
-165.999999996
-139.999999998
-120.000000000
-151.873071975
-129.999999985
119.999954599
149.873066577
120.000000000
-119.999999998
119.999954601
-153.999993856
-165.997523373
135.981850072
147.870891091
-135.999999985
135.999999887
-163.999664451
-144.000000000
-143.999999052
-129.784761152
-157.979417230
109.999999798
125.266745891
-109.999999998
-108.979514203
113.426431891
109.408307907
-138.000000000
121.999999168
-111.999999999
111.784719500
-141.999998337
109.999993841
-121.999765746
86.000000000
86.000000000
-151.468686814
116.355482288
-96.232106221
85.999964003
-106.000000000
105.997524315
-111.868714939
85.999995709
-105.999664466
128.358062637
-135.999999807
-117.981520605
-100.000000000
106.000000000
-85.999966630
99.995053073
-99.997524315
100.000000000
-133.872691199
118.000000000
127.999999872
-151.872946605
115.999999056
74.000000000
-97.981850055
99.760450398
91.999619097
97.999953768
-85.997524313
91.999954599
-74.000000000
97.999613068
125.999993856
121.999953769
-97.999953754
86.000000000
127.981850072
-131.306852812
159.873064901
-145.997524201
-108.000000000
107.999999985
-109.999999775
106.000000000
-125.981849255
-129.979418860
131.870801552
-108.000000000
-125.325502524
-109.999998337
-123.981849255
-145.326802248
127.199874734
-125.181712613
149.258867836
-130.913806416
94.000000000
93.999993856
-131.999999138
-129.999999987
-129.999910997
94.000000000
-137.999660037
151.999617538
139.999842304
132.500006137
-122.085742597
-145.904326132
121.339100568
101.585765576
-101.573735248
125.997524292
-105.999931303
105.999931303
-101.585765578
121.999943868
-147.573734705
161.999954312
-131.997524312
-137.787772201
120.000000000
119.998938285
-137.787045718
157.352533733
-109.787771861
119.999993611
-123.787772224
-127.787501055
-107.227017733
-113.014668299
-89.014668432
-117.227017733
95.227017733
89.787772229
95.152589655
-9.014546790
-49.014668341
-9.014546812
-53.787692782
41.227017733
65.216617831
-49.014667593
65.227016889
9.014546790
-43.412136717
26.633739332
-33.014668432
32.910810136
-9.014546790
-9.014546812
-61.822667489
-70.107095513
48.639486077
-76.995068046
-75.103763990
-72.367729032
57.495455567
-41.639669576
58.625113062
-64.625001143
62.624179390
31.264533284
-31.264502086
62.625001143
-92.315661737
-78.329446108
-110.622141670
90.625001143
63.264533284
-82.624992964
-79.000842049
79.052435831
-112.611043070
-93.074352635
-53.074204260
53.074398036
61.623111966
85.465752100
-86.285456822
-53.074398035
-95.570873816
90.548277645
-85.662283990
-98.548719917
-72.548719943
-61.623099987
109.504890555
104.542151222
-96.548070142
57.872482865
57.896266708
-101.893784528
-101.896266693
101.709111468
-57.896266708
84.000000000
-103.860289685
76.000000000
-76.000000000
105.781153799
91.999998697
77.999993184
-75.856777532
92.000000000
79.999999976
-80.000000000
-111.999928854
100.872145279
123.997523795
-117.997524202
-119.955433378
-68.881478799
-29.550951501
-28.606844984
28.881478799
-72.000036133
69.945514543
47.974692611
48.880669207
-9.809192358
34.033337844
45.993691423
-54.033339008
29.996764934
17.151397649
-20.926714080
42.258258531
54.258256303
48.291634937
-66.025860209
3.375846921
-23.815300884
57.655133175
9.809158810
-17.152746066
55.181991535
30.015420094
-43.409464635
-57.179518633
47.181994318
17.181994283
26.699271270
-85.180983122
-52.699271271
3.375846946
-47.181994318
71.181994318
-101.177628258
-60.114953754
-109.066217135
-51.409464399
-71.409464571
105.163413936
105.382746638
-53.181194898
80.699271271
-108.572343260
-108.699271260
108.291892529
93.181920751
-108.699271240
-94.699271044
-60.699271271
103.990939265
-131.999999985
-137.999999998
-94.699271044
103.990939265
-132.000000000
-143.306852811
141.980981549
-131.999948217
-137.873026538
118.000000000
-103.999999887
109.997524313
103.999993728
-84.000000000
-79.999999998
-112.000000000
-115.999664578
123.999999168
-123.999999984
80.000000000
-83.999999998
-99.999999998
-80.000000000
127.981850072
-159.979406823
-157.946148467
-122.000000000
-155.981831971
165.870851177
-165.870221638
153.999999883
149.997524043
140.000005185
153.873071875
141.981525190
155.999954473
-161.999948440
108.000006144
121.999959768
104.000006129
-104.000006144
-105.981526839
87.873077288
-87.999999887
12.000000000
85.979424893
-36.000006144
36.000006144
-66.000006032
-71.999960520
65.868721081
12.000000000
-68.000006129
80.000006144
97.999639546
72.000006032
-86.000005311
-116.375006438
90.375001143
-142.158110886
-106.375001143
-106.374955743
-88.375001143
-110.372480071
48.375001143
48.375001143
89.681853963
-108.375001143
-90.375001126
48.375001143
-90.375001143
78.248067718
70.374665737
132.348612011
-139.615812891
-112.375001140
116.375001140
109.873071486
103.873071989
111.873071156
-111.399697983
-127.997478985
141.981424573
137.306849324
-82.000000000
-105.981850072
127.979412717
115.997524090
115.999993022
-139.999954585
-124.000000000
-82.000000000
97.997518155
123.839165339
-115.999987599
-115.999999998
125.997523373
-129.999999887
-103.999999168
98.000000000
-141.997479028
132.329868514
157.873071256
164.332790402
148.333321951
179.967322446
130.333322048
114.333322064
-114.333315792
126.315172136
150.333211956
-150.333321769
-114.333322064
-126.333322064
166.329868695
-144.333322064
167.778629768
119.447323827
161.445646168
107.447278429
-117.446988421
-149.058897814
115.500772558
115.059359454
43.447323827
-105.447205259
43.447323810
43.447323825
-61.429173900
-65.447323827
90.754176174
-63.447323827
-109.444848141
111.446986517
-60.000000000
84.000000000
-59.788768007
60.000000000
121.999997723
103.999999869
-83.999989322
103.999663149
-129.978519288
107.999663034
99.934413864
-127.873071715
104.000000000
111.999993854
-117.981842258
133.873071826
117.999999153
88.691421390
117.999619093
-84.000000000
-84.000000000
125.999664481
-125.999999056
119.997425939
-83.990868192
147.633495737
139.872733038
117.999999887
129.999999985
153.231556090
120.000000000
-147.990203569
129.873031982
-125.974573274
131.999993728
-132.000000000
-93.999999998
-107.080184013
121.999954599
121.999158591
-122.742838391
113.080165247
-107.135637117
47.999203831
-69.135637118
-125.720574558
123.856956895
-126.743041820
91.135637118
-63.135637118
-48.000000000
87.999664594
55.135590041
93.135633698
-53.008663409
48.000000000
-77.135637118
-49.999999990
49.994133937
69.135301705
-79.135494938
-53.135637118
47.873071956
77.135591719
79.135301353
97.135637069
123.135617820
-97.981850072
-87.135617991
-91.999993024
-123.135617989
119.951711889
123.135597668
129.063250280
-129.065543952
-145.065557875
151.999648121
153.999836917
-147.999725707
-145.065540811
164.000000000
165.065556147
-171.997523485
128.000000000
169.297735608
128.000000000
-127.999994981
-122.000000000
-140.383189482
-117.335849444
-115.766552016
-115.999999887
-145.947496615
124.000000000
116.914420562
123.999664594
113.857029019
118.000000000
137.872981183
127.981843807
-115.999329185
-127.999619082
107.999999998
114.000000000
-108.000000000
108.000000000
161.997518185
-141.999954599
155.999999985
-147.999663755
155.934873362
-154.757049353
-166.775205312
-171.979416085
165.979218216
-149.999845493
149.999619093
107.999846725
91.999999775
127.870632138
-92.000000000
-127.998867872
91.999846612
91.999840462
-117.999852868
91.999993849
-90.824058711
97.996440334
90.823340698
-88.824106040
123.849672385
-90.824105209
90.823296094
110.323541755
82.323542452
-114.820025299
22.824106040
22.824106040
97.705276868
105.703706001
-60.028839250
-22.824106040
98.028580336
-85.705263346
78.028839250
79.705296787
60.028839247
-93.705296798
-99.855826346
-89.685380857
-60.028839232
-101.705296797
-135.684714470
-129.702821029
-101.705296798
-105.330227481
109.999999997
-115.705295966
-109.999993853
-105.320896705
-149.981475952
-141.999993855
-116.000000000
-115.873071890
-106.000045399
-103.999999998
-121.997524412
-115.997512040
125.857068369
111.999703831
-91.999709767
-106.000045399
71.999709880
-71.999709880
86.000045399
90.000045397
83.999755264
85.999709880
99.995100127
-100.000043736
93.981883178
-90.000045399
-70.000045399
57.999755376
81.999999985
-60.000045384
93.999368556
77.981895360
-10.000000000
-46.000045399
71.999709060
-47.306917838
60.000045399
46.000045399
59.306898217
-10.000000000
-33.306940545
-48.000084653
-70.000090798
-90.900604871
46.000045399
34.000090798
10.000000000
34.000090798
-33.999753714
69.995100220
-88.000083789
60.000089949
-66.000090798
-10.000000000
64.495409821
70.000045267
41.997569826
71.978806511
-67.997569811
55.999879292
76.875861920
-64.000087280
56.000090682
69.997562756
77.984097711
76.500000000
78.000000000
-89.997557339
126.495920006
108.497482673
64.497557440
110.499618987
138.497554381
-158.090009250
133.970952702
-105.999999011
-119.999972394
119.976993527
93.873071142
95.999999054
92.609134034
-60.000000000
51.999663720
111.296483740
99.999573826
79.981849017
59.999999985
77.999999887
-85.999947464
-101.979282588
83.999613068
77.999999984
79.999999056
-111.999952162
93.866053204
-65.950112028
52.000000000
91.999954368
91.950112028
119.980916785
-65.950112026
-91.931590218
101.950111222
101.950112028
-131.950105078
-99.822883176
-133.979073239
-95.950112028
133.980924412
-130.871119079
119.950068033
-136.589059295
-116.000000000
-128.828284274
-129.999997316
-95.999999999
110.868659355
139.999954599
-138.586465383
-115.997523469
116.871135618
-143.981849249
-96.000000000
110.871135886
-149.999954456
-124.590931347
107.997517279
99.999999166
143.306512314
-119.306852763
84.000000000
87.997524300
113.974565906
63.999998319
83.873031803
78.000000000
-77.997523068
-91.999999999
77.997143637
113.856777597
82.000000000
-83.999999984
-90.873071987
-90.999983298
-101.999993743
-93.999999984
-66.000000000
-64.000000000
-106.000000000
-78.000000000
119.981799420
133.857067649
137.873069692
65.999993856
-109.999999040
-120.000000000
119.999954372
-129.997136677
141.995048500
-131.999999056
58.000000000
-92.000000000
-72.000000000
72.000000000
-92.000000000
62.000000000
52.000000000
51.997479026
62.000000000
-82.000000000
-81.999999985
-52.000000000
115.872992016
-129.999619067
131.999664594
-100.000000000
-125.857068274
-127.873071973
129.873071976
-161.999948213
-141.999658451
149.979089470
-141.306852812
127.999999168
-163.997517339
163.999954599
142.000000000
-78.000000000
78.000000000
136.186218797
82.208583419
98.208583419
78.000000000
104.208583419
-124.208118716
157.433937290
134.206017023
-78.190433489
-122.208583399
-78.208583419
-78.208583419
-140.205528155
-98.208583419
-144.081309689
130.208582585
136.208582374
-175.856594949
136.000000000
144.081648495
153.997144451
-120.000000000
-159.981849256
163.963700144
-145.999999151
135.981850057
155.296154889
129.999999166
119.999999970
-130.000000000
-129.306662350
-121.999999857
121.999664578
-117.997518186
143.999999999
-105.999999985
105.999999760
149.979090108
121.999999985
-121.999998818
-101.635783296
-135.996477586
-143.648589497
129.024117774
-103.648589645
-133.556025628
103.648589645
77.648588046
77.648589645
-101.024118205
101.024118220
119.022304494
77.648589645
-119.058942571
90.994561356
-109.277911921
-112.000000000
118.213769167
65.908098736
-93.645850428
91.859503268
91.859835454
-99.998238553
-116.340729823
106.340738682
-101.908068448
85.647591629
97.462749933
86.340067951
-64.340738810
62.340738810
60.340402235
59.907881187
-78.340738810
-50.340732666
77.647188095
-28.340738810
-50.340738810
61.646348707
-59.406684258
78.340738695
-110.334445884
85.999999885
28.340738810
-94.340732665
110.340737974
-93.997524233
117.002468342
95.999967710
121.999999931
112.340730150
122.768794775
-129.687368243
139.997472770
130.000000000
-123.999999775
92.490418219
-123.981850070
-92.490419576
-92.490419576
139.984862444
114.490418006
114.490419576
-106.000000000
149.522294655
136.490419352
116.490419576
-117.999996237
-117.981849960
118.000000000
138.000000000
109.873071255
111.997524203
-110.000000000
-110.000000000
-121.999999887
-111.997524314
134.000000000
121.873071179
108.874998001
-157.767844312
130.869071387
-130.874998410
-109.124997441
144.246819505
94.249999655
108.297668055
-147.981845246
146.031429226
-143.945117821
131.125000002
-131.075026374
-94.249999617
111.999999994
-121.075026512
-133.706369745
151.610230919
-103.074887581
103.072552418
-131.075010945
121.873056495
129.954831829
-103.075028618
-109.022752876
-139.999954601
-133.067792260
-127.022715923
121.999978346
-154.000000000
116.741029124
112.000000000
-136.000000000
133.999999985
145.997189738
134.000000000
133.756561336
-139.999999985
140.000000000
-133.997518186
-133.997524315
110.000000000
-141.981850066
-135.997524315
-133.999664591
161.981805489
-171.870890248
-139.999993024
-110.000000000
135.999999168
-143.981850070
131.981799456
111.999664591
129.999664572
120.000000000
120.000000000
131.999999998
-137.997524300
135.999328341
-112.000000000
-129.999999985
135.999652279
-118.000000000
-135.999993854
-117.999999984
-101.999999887
102.000000000
-133.870810250
94.000000000
-139.306661574
-111.999999985
101.999954601
-103.999954601
-135.999954601
-114.000000000
91.873032000
-92.000000000
136.900560971
-137.760419505
104.000000000
92.000000000
-137.746103346
-123.999999985
147.999999872
131.999999887
-159.999617299
147.999993856
-145.759927363
-125.999954601
-127.999663760
-90.000000000
125.873071989
-98.000000000
98.000000000
-139.996854441
121.999664578
-141.997523149
89.997189738
95.999999998
-151.999999969
-135.999999996
-132.000000000
-83.999993856
131.785809858
-147.999954599
137.999954400
149.996429498
-135.999664594
131.999999983
84.000000000
131.999918407
137.771137333
-135.431910912
-135.413761031
-105.431910976
-123.785814819
105.429435291
105.391163751
-109.431910863
-111.431910975
-111.431910976
111.431910976
-109.431910505
-153.990812046
-109.431910976
144.776555415
116.000000000
115.125000000
97.999993819
109.718809447
97.994071391
89.999664209
93.124948427
-89.999998005
-89.957000921
93.124999953
105.117391364
-130.776555415
103.873059007
111.125000000
103.997189625
-103.997479013
-111.872736583
-111.956679629
-129.124978458
-137.868120605
113.873071989
-137.070115016
129.999999872
145.305613795
-139.873071989
-165.999953529
145.873071989
115.997524315
155.999999998
-157.999954601
-158.000000000
-177.999999870
-181.997177371
-161.999999870
149.999999056
-147.873066478
119.870885299
127.999993856
112.397776405
-86.000000000
-121.997523373
-127.997524314
127.873045096
109.997511610
107.870431969
66.622731697
103.999999999
96.622684748
-96.397774500
-107.999639010
-110.622731667
-85.999975644
66.622661101
84.954843248
-99.999820032
76.000000000
-90.620244559
-102.622729287
-102.617788000
84.622731697
-76.181500175
-75.558738989
-75.999999998
75.558768477
75.129260531
-113.558433070
126.622731697
134.159777047
117.558764524
145.475295772
124.000000000
107.999999997
133.999657333
141.297736679
109.951412648
155.541885686
-109.999954601
-100.999876598
100.999088528
-119.999996820
-136.999954441
100.999993841
118.993268047
116.047172483
-104.047172501
-136.999954600
100.999999984
122.047172501
127.914389874
-100.047172501
-128.003533114
-100.011196092
-100.047172501
104.047172501
104.047172501
116.047171514
130.046473397
-98.176365628
-137.997166412
84.176365628
84.176365628
-114.173883718
122.176359387
-94.443128439
92.176365628
114.159157273
76.158215700
80.176365628
68.643165469
30.176365628
44.949572936
-42.176325082
-42.158355590
-67.809304216
-48.176365628
-52.643597427
-1.645717495
44.739774296
-40.739185179
44.176365628
-66.772431961
-49.235858631
-1.645717495
58.176361500
50.772477431
-48.772477431
-1.645717495
-47.819389214
-39.919919550
-69.921327097
82.419016696
30.772477431
1.645717495
68.746774094
96.148803582
53.731498027
-31.820345351
-68.552725371
-1.645717495
1.645717495
81.509858017
71.822077414
63.475521388
57.842807393
-56.175698480
-67.666442026
-65.666415678
63.651210579
81.666410045
67.842768012
-73.842813662
75.663972435
-13.666446944
5.974233215
-61.666396562
9.666384631
-33.666448120
9.648233542
47.663972435
29.666448120
5.974692008
-25.666448120
69.538928599
-89.051320101
-49.666448120
-9.666384743
-71.648298192
-114.002411974
-91.666112712
87.666448120
97.666448120
81.666448120
-81.666448120
-89.523516492
116.000000000
-117.666448120
-75.663972435
-135.664673964
-167.537621262
-143.666447287
147.999926890
-145.997478183
112.337203602
-157.760391878
132.222624313
-147.385285131
133.999989343
-133.999967593
145.461290059
-104.744547245
126.405372210
-104.571427635
104.570833797
111.999965664
-90.000000000
-109.999999925
106.380681266
-111.999948404
121.999998337
135.873066568
137.306852819
-90.000000000
109.999993855
109.999999990
-155.999954409
-171.870425445
-125.545293410
-120.000000000
93.545293410
93.533736716
117.408175636
89.418365389
-59.545293333
59.545293333
89.545293408
-103.532826073
97.996090862
59.545293410
113.545293410
75.923705368
75.923705368
91.545289199
-111.743398608
-111.923705250
83.545293410
103.923705368
-113.999999887
133.999951002
137.804322058
131.870889926
-121.999987710
113.999664594
-121.993264085
109.981837975
-121.980367636
-110.000000000
109.999999998
-121.997523485
113.999999985
-122.000000000
122.000000000
155.869313583
-127.999921729
109.455292629
109.455292639
-137.452816953
79.455292639
121.425324187
-103.455292639
-103.452816953
107.455286382
87.455292639
-85.455292629
-35.455292639
35.455292639
-61.455292156
61.455292637
77.454957230
35.455292639
109.452482262
105.424354929
-105.968910271
-75.786821376
-95.437141830
-111.873061224
131.772130320
91.455292635
83.455292637
105.992934884
-119.997524315
113.999993856
91.455292634
-117.455266295
-111.999586349
-112.000000000
-137.999986263
127.999999771
121.455292627
-139.981470094
147.999658451
155.979412840
143.981850072
-167.999999887
197.998987868
-179.999652309
169.999909204
147.999993854
132.000000000
-153.999999168
136.000000000
-159.306852818
-134.000000000
-161.872480479
147.997524300
132.000000000
153.999993853
135.999993856
-153.999664591
-133.873071985
-136.000000000
157.999664591
-169.295114194
135.999999985
-135.306804349
161.999909204
131.999999166
-145.873071876
-135.999993630
-151.179757041
-141.999993836
135.997479028
-141.305613912
-131.979374370
-135.999999985
137.999954601
137.981805369
-161.998216823
156.357772143
-122.357772165
112.000000000
118.357772165
118.357772165
139.909582079
-139.987242973
-131.999967413
-103.655342229
104.357292522
-112.357772165
-112.357772163
-132.357771989
104.357772165
131.999954590
104.357772165
-142.339622222
-148.357765855
-145.909275907
157.994821362
118.000000000
-131.999993852
123.999995704
108.357772004
72.000000000
104.000000000
-98.000000000
97.999962109
110.000000000
141.999999056
127.858352530
-72.000000000
-103.997523367
117.882749731
139.840641749
135.864470597
121.999999881
117.882783949
125.999947868
-149.866636795
149.882796268
-141.882755890
-141.882755890
136.000000000
-143.882796268
-136.000000000
-135.999999887
-171.999999857
-187.841277298
-181.994747141
171.981844023
-169.999999054
-171.981520693
-139.997189722
147.870884861
-133.997524315
106.000000000
-100.000000000
119.999664593
99.999999998
-64.000000000
-135.981850070
105.981849255
-110.000000000
133.981836952
139.997517019
107.999999998
64.000000000
125.872991254
-127.854911415
131.999999149
94.000000000
-121.981506999
66.000000000
-101.999664594
-87.999954601
-88.000000000
109.999999985
91.872736569
127.870556120
-66.000000000
99.999999998
-98.000000000
123.995084247
-159.760191140
125.313192123
114.312112459
114.000000004
-107.313192123
-116.000000004
91.313192123
82.313040467
-40.313163824
-59.294147090
-44.313285025
19.313192119
-51.312687990
51.294920914
-49.313192067
0.999904823
-44.311464704
-0.999904823
-0.999904844
-39.313192121
-49.295042196
44.313147165
-77.312849422
-39.313192123
-75.180347451
83.313192123
-116.313113109
83.313192011
-76.313147165
-110.313147165
114.186219149
-93.999999998
115.312856716
110.309754276
-115.311945474
84.313147165
-122.312811447
-126.313147144
94.000000000
115.312856716
115.871476975
117.999999167
-114.313147165
-137.873071876
139.772523581
-135.998183072
-133.305975713
-137.999993829
-141.997523373
151.981844038
156.000000000
-152.000000000
151.999999996
155.981849962
149.999903061
-149.873026590
-133.999999998
-131.999954601
157.854012726
-102.000000000
-131.997144466
139.999896086
-149.241355011
-133.999999998
159.999663648
116.000000000
101.999999168
-123.999999168
-145.999999166
-164.498902319
113.872892791
113.999751164
-140.499454975
-135.813271554
104.500007598
68.500007080
102.916022153
68.500007080
-104.496980657
89.999999998
-89.999999168
-104.500007911
-95.999796554
95.999998991
89.981849577
115.999795723
63.873071987
-63.863334845
68.500007911
105.306850900
-84.000000000
64.000000000
-89.999953542
-113.999999932
-113.999999168
-82.298593190
-100.000000000
-109.999948457
-66.000000000
-109.873071989
118.500007722
121.999981565
133.999561417
117.999999985
-106.000000000
91.997524315
-115.999999985
98.000000000
85.999993839
86.000000000
-103.999948442
104.000000000
-91.999999153
-85.999999998
105.306852819
105.999954601
119.999993787
-146.499100228
82.503267350
-109.997524313
-137.984092377
101.997520612
102.451579223
-121.999954517
-81.921398390
-64.503267351
68.503822586
-95.999996062
97.999950889
-96.502636574
-81.999999887
70.503796104
-74.503257188
60.503822586
70.301701890
-60.503812416
60.503822586
89.978106041
-101.527332279
64.503822399
59.792338072
82.503814181
-95.999999999
83.999461878
-63.810652257
-83.999990143
78.481651710
86.503822586
109.988967043
-127.999538807
91.999999168
100.301710880
103.873046359
81.999664593
102.473419020
-96.000000000
-121.979385938
70.000000000
82.000000000
105.999947513
71.999999985
-71.999954601
115.997478199
-109.981844038
-70.000000000
71.999881776
-109.999999998
-104.000000000
-103.999993856
-120.613705427
114.000000000
98.000000000
-112.000000000
133.997479028
122.000000000
153.997517132
143.999663618
143.241219129
-119.999664594
120.000000000
109.999999985
102.000000000
101.873071989
-133.999999887
-107.999999998
-111.826632530
-101.997524299
107.207792668
-113.999640466
103.980583705
133.999999998
123.999662869
137.305550884
113.932836882
-147.949450024
-137.797253412
-105.821109140
-107.950111921
117.997422151
-107.256964794
53.950112028
-117.950060485
103.929649065
103.190235347
-133.184824860
107.999999983
87.997524315
-53.950112028
87.999999998
-87.999999882
-115.999999984
-135.241375935
133.981099922
94.000000000
79.999952279
-143.997518186
131.872771148
-134.000000000
-120.000000000
155.996855160
-147.999999168
149.999946794
161.999999984
131.305614211
161.873065011
145.999954586
-155.999999998
-173.760418570
-155.981850040
123.873066577
131.999954601
109.873071989
-123.857068358
151.978761003
-143.999947513
-153.995008741
114.000000000
110.000000000
-78.000000000
117.999954598
-127.999948230
128.000000000
139.999999051
-113.999999984
109.999993856
-78.000000000
117.981849240
-121.999999168
-157.999999996
161.999999998
-165.999999887
116.000000000
116.000000000
143.999664594
-127.999329300
-122.000000000
115.999993856
121.997524315
-122.000000000
151.306830112
143.999618379
-135.999999985
135.999999985
-146.000000000
135.999999887
-141.979368258
133.872771148
134.000000000
-166.000000000
151.999953657
-142.000000000
133.873071987
-162.000000000
-157.999954599
-149.999664578
-150.000000000
135.999999168
139.999999887
-149.297570483
-148.901275897
-157.999999885
179.760191252
134.000000000
127.999658404
127.999987665
-139.999999887
-157.991713240
-109.999954601
112.874624282
81.998966848
112.873709677
-88.874624552
-88.874624552
138.873820442
-109.999993022
143.999997438
82.000000000
-123.868714934
131.999999887
-132.000000000
147.999999872
-129.999999041
-159.997523373
-155.999999887
159.981475904
138.000000000
-147.999999985
-133.999999887
133.297711140
135.873071791
115.998515892
-73.999999999
62.000000000
101.857068357
-99.764440760
99.921287696
107.999999818
85.999999857
-73.999999991
-88.059036554
-85.980195816
-66.512357368
-66.512347112
-107.989032564
-78.000000000
78.000000000
61.989087198
-89.999999502
92.512357180
114.000000000
-124.512357335
109.999999868
107.873047557
130.969504952
124.970975001
114.960024156
-114.970981567
-174.970981564
-135.677009306
137.663595915
-114.970981977
147.999999775
147.999953769
117.999999979
117.999999998
-134.000000000
-169.979045824
154.916688713
-118.000000000
149.999663650
-149.997188893
-137.999999998
134.000000000
-155.857066708
157.999999870
-122.000000000
94.000000000
157.758207071
-132.000000000
-131.997524315
113.999664594
-137.306685102
-113.999954601
93.999999998
116.000000000
-133.999953770
133.999999931
141.999999166
116.000000000
-118.486874239
-137.988851175
94.490915879
-73.999999985
119.979417547
-105.999999887
109.999987599
111.739201683
-77.994720991
70.490869673
-74.000000000
-91.918130979
80.291144750
111.997518058
-99.306852404
83.999954473
62.000000000
99.872731159
53.999999998
54.000000000
-73.981850055
-74.000000000
119.996475609
53.999664525
99.999999872
-117.999999999
117.306852396
-73.306852819
-125.999947610
-109.873025459
107.999954570
-109.999999872
83.999999872
-111.872729680
123.872474329
-113.999954601
71.999993856
-107.848436596
71.999999168
72.000000000
107.070126970
107.590149158
-132.897001941
-143.999999872
141.306600147
-107.554166931
141.590148051
111.589813752
-119.578065470
111.590145070
129.999655325
-157.999993852
149.577844340
111.590145080
129.999999985
133.999993856
-129.981805362
-130.000000000
-142.000000000
133.999999996
133.981519879
-109.981850070
133.981849851
110.000000000
110.000000000
153.873071230
-149.981805488
-144.000000000
-113.997524313
119.981849256
-123.999999998
-123.999954597
101.999999984
102.000000000
-147.999664592
-135.999323043
-133.999993856
-101.999999984
143.999993856
-139.873071989
-140.000000000
155.297403904
-144.000000000
147.999999168
131.999999054
145.999328337
-114.000000000
-151.873061039
145.872401275
-145.999954601
-144.000000000
129.999999887
125.999999996
-107.997524187
108.000000000
-121.999999168
-95.999999985
-99.999999872
-107.870805162
115.240216171
109.870595573
109.979374387
111.744152494
-95.999999872
-100.000000000
135.734668775
-122.000000000
-113.978662046
-139.873059840
123.191282261
123.191328493
125.999999966
-139.959705620
161.959607490
167.191179066
175.999999969
159.959705512
185.981802728
179.873026588
-104.000000000
-167.855866483
126.000000000
126.000000000
-124.000000000
-147.873031862
123.825770738
89.999999168
90.000000000
113.306851516
-111.857067345
119.869967125
87.873071989
88.000000000
103.981849255
-117.872656636
-103.999619082
-87.999999887
119.999993856
131.999999168
-161.999999887
108.000000000
139.999329300
-167.645828455
-132.000000000
-108.000000000
-108.000000000
119.999993854
112.000000000
-143.999993853
107.999954586
-117.999999887
-123.873031155
125.999663762
-120.000000000
111.997524315
133.999573828
143.999993728
113.999999996
-113.999954489
127.873065845
-141.232502108
-143.873070957
-111.873071987
-129.999941365
113.999999970
100.000000000
-104.000000000
-131.999327638
82.000000000
-81.999999998
119.999954586
-81.999999985
81.999658451
-40.000000000
-89.997524188
-21.999999985
21.999999985
-74.000000000
60.000000000
-77.999999970
-22.000000000
51.999664594
-89.999993840
-108.000000000
-95.999999041
-52.000000000
-90.000000000
-82.000000000
-102.000000000
77.999999760
-113.297569969
94.000000000
-110.000000000
-123.999664565
113.999993137
-113.324135689
-129.999999282
139.999959970
-143.997862803
-129.997524315
-96.000000000
101.999993868
-71.999999985
-105.997523470
-113.981799329
-97.999993855
51.999999168
95.760454467
-66.000000000
-65.997524315
105.857067551
123.873030535
-131.873071255
52.000000000
-97.999954601
123.997183483
123.999954489
149.873066576
113.997477350
-109.999999984
121.999993741
131.857028281
-122.000000000
127.297736622
121.999954599
-119.873071989
124.000000000
-147.857023666
-121.873071989
-121.241218846
-128.000000000
141.999954601
-157.870596303
155.981520697
163.999954488
121.997523485
129.999954599
127.999993856
113.999999166
163.999999039
114.000000000
114.000000000
149.873031269
-145.999999872
-145.999664594
-133.999999984
149.999993853
-169.997479028
-165.999664578
-155.999663747
153.999993841
139.999998110
139.999999887
144.000000000
-159.997518186
-143.999573716
-123.999999563
-123.999999678
161.981849253
151.999999984
145.981520667
-114.947161316
125.999999675
131.873069139
-144.947177157
-129.931596621
102.947294225
124.946945532
88.947293393
102.947294225
127.856122840
127.999999994
-91.250506835
-146.947161020
-119.961977226
88.947177158
-140.000000000
119.873071935
119.873071989
-113.999999996
143.873071975
108.000000000
-97.999953770
-147.306851988
-132.851800061
133.994723797
-77.250527513
-145.857068338
129.250528345
-111.999999968
-133.239409963
-140.000000000
119.873060523
77.250528345
119.999999985
119.999999998
-143.250524934
121.999858534
131.999664356
-143.999954376
-153.991927364
-155.999657616
132.000000000
155.979418734
153.746143966
-147.999941481
-147.999652194
153.873031902
-169.999618361
-123.873071890
-123.999999887
113.999948345
-89.873071987
-89.873071976
99.999664592
91.999664578
-89.999954601
-89.306852817
92.000000000
125.231685151
-91.306685030
-89.760419492
-111.997188796
-111.999619210
128.000000000
-127.746143878
-153.979418860
127.841278064
-121.873031887
121.872736483
-131.872774994
-103.612490395
103.612490364
121.999999887
-107.306852819
-147.611973299
-103.624999966
107.999998337
-125.997036339
133.624999966
84.000000000
-84.000000000
113.999954601
-141.999592420
-114.000000000
-83.981850072
-88.000000000
-118.000000000
118.000000000
123.999999887
-88.000000000
-139.999999887
157.198951134
149.999993024
139.999999885
160.822110624
-179.999993856
-151.108348864
135.208328693
-135.208296128
145.529130026
-149.999664593
129.994544099
-127.873071916
108.335766406
97.907661115
-110.335766408
97.999995608
-98.000000000
-119.999993775
132.335765245
-98.208792999
-98.335766252
-149.306685070
-143.873071989
-135.997189736
98.208838398
-121.963721884
-121.997523932
-97.184525647
-153.646526789
-119.980961379
137.977691419
-119.979418846
58.000000000
121.306830119
123.064760659
69.246269473
-102.250049796
113.999986913
125.899711134
-86.000000000
-97.496321058
-69.246269473
99.999891247
-108.250052065
-117.306722197
84.250050270
-57.999986944
-102.250051903
-102.250052067
-111.999663077
84.250052067
-120.000000000
-114.250052067
114.000000000
-185.981714587
157.997517427
-149.997099063
144.226797676
138.000000000
138.000000000
137.999999969
-121.999884764
125.999993856
-133.873065094
119.999999101
125.718384887
135.997518186
-117.123326978
117.115733550
-141.835038458
-133.123326820
-117.068359732
-135.123281231
-86.980395447
-109.123282410
-95.123282412
-105.105132484
-87.122991556
53.123282412
43.123282298
101.950473102
71.123327764
62.000000000
-64.775361581
-61.716472496
-58.722252187
-43.123327764
-63.113211201
-67.718186609
-69.123327764
53.119821087
67.718439777
71.999999995
79.718438269
-75.975997659
-105.999937788
-99.718439771
133.718438182
-105.718439777
-123.978186482
-97.123327764
133.141291037
-144.770102020
113.999999965
113.999999849
116.017963158
131.999619194
-114.017963273
113.315794121
141.961629542
-122.017916936
-117.997524203
108.012683437
-114.017581660
123.306662398
124.000000000
159.758500212
114.017607114
-117.999999949
108.017620825
-115.997404738
-125.628119310
-125.999788011
-115.999947356
97.148101895
-96.458869139
76.000000000
-43.999894415
-43.999107621
51.148101902
57.999985710
51.154880914
-44.000000000
-53.099386885
91.155946008
71.999219705
69.155946120
69.155898078
-57.063014732
53.155939975
50.396044710
51.153220550
103.154880911
-95.155564499
65.155945289
-62.762236242
104.462775367
89.155946008
-124.624084638
144.761444974
-90.750001031
-104.714986040
94.750001143
-104.852268325
-94.749960269
-86.750001143
-64.750001143
-66.750001143
-66.750001143
-83.767911193
-28.750001143
59.765452510
28.750001143
-28.750001143
80.749988855
-80.740933108
-59.767928197
65.765963915
-92.750001143
-113.767925896
-76.749879934
-65.767928197
119.758220200
-83.767928197
-123.767923310
-139.767547309
135.640959615
-112.749864928
79.767928197
119.163377615
-127.999941685
-119.163522931
119.163521891
-148.803585734
126.000000000
157.155474692
-108.000000000
-143.981843928
113.999999872
113.981849962
118.000000000
113.999999887
-68.000000000
-107.997524315
-107.999954601
-108.000000000
-139.999909189
149.981514651
-99.999999056
-68.000000000
-137.981470098
-120.000000000
-133.999953739
91.999664578
92.000000000
107.999948202
-44.000000000
78.000000000
85.870511130
-85.999664578
-119.999316076
-105.873031269
91.999999872
72.000000000
-73.981850057
-85.873071989
85.999993841
91.981849960
-119.999999153
-119.981191416
44.000000000
-91.999954571
95.999999168
109.999664594
124.000000000
74.000000000
-157.979089442
-127.999664594
157.997188048
163.981849851
157.978151471
161.827700001
153.999954488
-147.997524297
-155.999999864
-157.809502991
-137.999999870
153.873061066
153.999993839
153.746103874
147.999610674
141.999999887
-157.999619077
137.981849961
-141.999999168
-153.999947509
-153.873066577
-167.306849331
130.000000000
-163.999909174
-132.000000000
-132.000000000
153.999999885
157.997524202
153.999998335
-129.873071256
-153.999953655
144.000000000
-144.000000000
144.000000000
137.997524185
-134.000000000
-141.999998224
-121.999999885
-121.999999995
129.999663760
93.999954601
97.999999998
97.997524312
108.000000000
-123.999992078
115.873066476
97.999999983
117.999999168
-124.000000000
-119.981805379
-103.981843218
-117.995009569
141.999987599
135.999663762
-94.000000000
-123.306852819
143.872480383
145.995047578
-109.999954586
-163.999993007
-110.000000000
-110.000000000
138.000000000
137.981514553
120.000000000
-119.306685102
-127.963700144
129.999999998
127.981844021
92.000000000
92.000000000
-123.981843918
135.981650290
95.999999985
91.999996274
95.999999496
95.999796562
104.497570253
110.500051582
-126.000000000
-113.999999998
-130.500052067
-121.988952827
159.854916647
-141.921114215
-134.298177184
135.999664594
107.999999168
-88.000000000
-95.999993856
105.873071987
-126.000000000
147.856989655
141.999954376
122.000000000
88.000000000
-96.000000000
106.000000000
137.999664591
-154.711800451
135.297567024
-153.999619082
-127.999664593
-133.981849851
147.999948329
-112.000000000
-129.999329297
139.999658451
-110.000000000
-153.306684685
-107.873071989
-110.000000000
-107.981850072
108.000000000
-147.994962707
-147.997524313
135.306852804
137.999999985
137.999619193
-143.981514648
137.999993024
-135.999999773
-129.999954584
121.999999887
127.872731172
-90.000000000
137.999954455
-121.999999887
122.000000000
127.999619209
121.999999168
-121.999999168
90.000000000
-122.000000000
-121.999999166
-141.999999985
-120.000000000
108.000000000
-123.999999759
-123.997524315
93.999999164
-76.000000000
73.873071989
-89.873071888
75.999999168
-76.000000000
109.999999760
-93.999999168
-93.981849241
73.999999168
91.999999985
101.999999996
101.990133801
-119.997524298
-93.999999589
75.999999153
-87.997522656
93.999993856
121.997517957
-133.963697231
-129.999663630
-108.710141979
-121.306197964
-124.000000000
-123.999999985
-102.000000000
102.000000000
123.999993856
173.981805069
121.999999998
102.000000000
-147.999999885
157.999998319
157.999999983
135.997189738
119.999999168
110.000000000
114.000000000
149.232813975
-137.999953770
-145.999998939
119.873071155
-115.870891076
-109.999999055
-113.873071987
-115.999664594
119.857068358
-148.338585593
-150.000000000
-117.987021777
108.648585932
108.648585104
112.339184759
71.681072590
71.690602155
-33.785729500
57.065603416
-39.714189669
33.785729500
33.788395630
-33.788757333
66.696015142
41.713261487
41.714189669
69.630411698
-101.706453314
-66.644217325
81.714189669
94.695120084
81.978749318
48.696012713
-106.696010525
80.981825446
80.981825466
59.576898705
121.811149682
-121.999071289
113.306844079
98.696015136
-113.999924547
-113.997524202
-153.999487969
134.427374886
128.695251469
-135.472705856
-144.401388642
-136.687005101
-128.455592596
-144.997721062
-165.998995488
150.999872531
99.471798511
129.981847743
-106.473040078
-106.473012798
-116.982378626
-117.999999689
-132.999615476
-99.461957401
99.981850031
99.999999999
-139.981469945
81.999999887
-103.999999168
81.999999985
-82.000000000
-141.999947605
129.306852754
135.999613066
-98.000000000
-145.981513001
111.999999985
111.999948442
-155.872776543
145.873066451
-147.999954489
-143.999993856
-151.981849253
-161.306807419
139.979417713
145.873070509
129.981850055
82.000000000
86.000000000
89.999999168
87.857067651
-89.999993743
111.999998321
93.873066478
-66.000000000
68.000000000
76.000000000
-88.000000000
71.999999998
76.000000000
93.999999168
-65.999999887
95.999999985
117.981850057
-109.873031803
71.981850057
-105.999993855
-115.995009454
105.997517549
-67.999999985
-111.994674890
111.997470295
-126.000000000
-88.703431623
120.703080194
82.703430792
96.703431622
-131.998607618
134.685280043
-108.703425362
-92.703431623
-108.703431621
-42.703431623
-42.703431623
-76.697503016
-81.828298789
50.703425779
38.703431623
-5.825484765
-45.628510724
50.202864542
-49.729003828
5.825484754
45.628510724
5.825484754
-24.202868094
-89.854419126
84.896140119
72.035289235
69.077867926
62.036185758
100.958312360
-80.036147314
62.036185719
-72.036183315
88.036183265
-106.958317779
-58.958301813
-55.981415701
-56.036185758
-82.957398202
-106.958317832
58.958317833
-77.992757893
69.999664594
-106.958317832
-97.999993054
71.999999681
-77.999998525
102.957443561
109.999664275
92.000000000
132.958317001
-134.033271977
-72.000000000
139.999999885
-161.963700138
-118.000000000
94.000000000
-118.000000000
118.000000000
119.981850070
-141.999999044
-123.999993854
-117.305614211
121.873071987
143.981844038
-148.000000000
-120.000000000
-146.249888639
-105.999477617
122.249999716
-130.249999490
98.249999716
96.249896528
-110.249953532
-106.249465810
-99.553999214
114.249998917
-63.160547597
23.571892675
70.249999998
-42.250000000
42.249999985
-48.249985854
60.250000000
-48.249999779
23.571892668
71.423913655
89.424060160
-72.249999985
97.999999679
80.250000000
72.249933738
78.246822274
-97.998071232
-97.998071281
90.249999024
59.999999691
114.226753582
103.998071391
-76.250000000
-114.249999998
139.985498977
132.086965963
121.860546823
-114.249999981
131.999612059
-128.249999834
157.987474094
-149.872776503
131.997518171
-168.856792982
110.874999845
110.874999014
104.874999845
-134.874999845
104.874999843
-96.874663606
-96.874999843
160.872516005
154.871721609
136.874999845
-96.874999845
116.874999832
-154.874999840
-94.999664594
123.000000000
96.999954598
118.992906407
98.999619210
98.997524315
100.999997738
-120.686493100
-94.990825515
-61.000000000
102.686737705
-71.000000000
-70.999999994
-89.999042870
-88.997507649
-35.000000000
57.000000000
88.999999994
-112.999876163
-89.993284652
-77.000000000
100.000000000
83.999978778
-35.000000000
112.999983257
111.000000000
-111.000000000
35.000000000
112.999999936
-135.872961305
148.993143922
116.187161279
-129.504471642
77.999962365
88.187175717
-95.997524315
-95.997189722
-103.893669420
113.997903816
-89.494396142
77.999994891
-90.187160600
90.187565308
-84.337635831
-84.340520216
-90.187565888
-112.187565310
88.060637913
-78.185371253
-112.187272039
78.187566024
-78.187566024
138.187565927
-118.337635962
-159.999962351
-106.187566024
146.036248648
-164.464778673
-151.981849393
-97.989207361
102.523489847
133.999743997
-121.981850072
121.514030757
-114.465375097
-85.999993856
-97.999993856
-117.965021453
-112.246441237
-116.468932625
-101.803522313
102.465562653
86.000000000
105.901696795
111.846875864
101.802731127
107.997524315
123.999538442
-113.999954600
-97.999999168
-108.003411959
-105.760818064
117.999999985
109.999993856
-86.000000000
-71.999999168
72.000000000
-117.999954601
-117.981850072
-86.000000000
-72.000000000
141.240016800
-144.000000000
-141.999993837
141.981509825
127.999999800
-133.999900906
125.760378832
-112.255470962
-135.870767638
72.255471253
-112.255471249
-104.255471253
-104.255471253
-113.999931185
87.680097875
94.255471140
-72.255469575
85.681737130
-90.000000000
-86.000000000
-94.252269988
-81.426454892
-81.410476088
109.999994929
-94.000000000
87.079789286
81.400876008
-94.000000000
-115.999993765
-131.416182556
-87.985913281
-121.979418859
114.000000000
-113.999999168
-111.426454432
121.999953770
125.999954583
-113.999993856
114.000000000
-139.760409023
111.434666530
110.000000000
-91.434670012
91.434670085
107.999999973
105.360589291
95.432193928
91.416474756
105.434670074
-123.995561031
-132.984758689
95.434670085
-127.786075107
-121.682182260
-123.434643456
142.977900161
-149.870845768
149.305588471
-101.434670082
121.997523782
139.999999980
-139.999999168
-153.999658436
122.000000000
-177.846936210
-159.999999990
-136.444038615
151.999660654
151.999996059
-147.999999928
-144.000000000
-147.999999925
139.999658451
140.000000000
-159.997523485
-149.999993841
-145.997517341
-127.999993728
-128.000000000
-143.999993854
128.000000000
-113.999664578
127.873071155
-121.999999998
-141.999664578
139.870885691
139.979329912
127.999999998
114.000000000
-125.981593545
86.000000000
-86.000000000
125.997524299
-126.246764165
-112.249999168
-86.000000000
-140.249999980
-129.873040846
-149.854601370
142.099776360
-135.999999870
112.250000000
133.870885678
-140.000000000
173.873066549
-123.999999998
140.272637061
-139.999664481
139.999999056
-167.999954472
-167.999323160
-165.999952938
-139.981850072
136.296544229
-111.306852819
105.995687811
112.296995617
116.296987348
-121.999999977
99.999999916
56.296995617
55.518221548
-83.999999168
-91.999954489
68.000000000
-67.999989290
-61.999999999
43.999994618
57.445762123
38.000000000
38.000000000
37.979412816
55.540553293
-37.979412816
-42.000000000
-86.300335692
-49.999993856
50.000000000
70.000000000
-101.999863187
-92.000000000
-103.999999996
125.999619210
-103.999999885
133.999954486
-139.999999984
-171.999992966
107.104460963
111.867629561
-109.104460963
-109.097008097
-112.761983364
123.104413434
106.336921758
111.101979142
107.094506644
89.104460963
65.104460964
-45.104460961
-114.126893833
50.411313783
-51.104460964
-75.104460964
34.126928048
-62.126928048
46.196271385
-17.104460911
17.104460926
-1.999999687
26.126801842
-1.999999687
2.000000042
26.126928048
40.126928048
40.120059815
50.126928047
-76.126927217
-102.126590979
-82.126928048
98.120059727
78.126876506
-90.126921067
-116.090826008
-116.126927437
114.560859265
-124.126927962
-143.999297854
134.106249949
-138.348039503
129.925533305
129.306852403
119.989459814
-113.873032002
-107.997543405
78.000000000
-113.981805349
-131.997537276
-143.305598252
-98.007796155
107.999619093
-98.005255590
77.999999998
123.305614211
-117.999896219
117.999908965
-135.999999168
-93.999999168
103.999999985
94.000000000
94.000000000
129.999992897
-139.997524300
-129.999954601
-173.997188796
129.306685102
130.000000000
159.999953754
-169.999954601
163.999999872
-134.000000000
153.999999985
-90.000000000
-145.999954571
118.000000000
118.000000000
-128.000000000
-76.000000000
109.306849683
75.297630681
-75.999974553
80.000000000
-80.000000000
-109.999999168
123.999993856
111.999663649
76.000000000
90.578885575
120.574473224
-107.999999168
-111.999713332
70.583317954
124.578885899
99.555681567
-84.583317841
113.931304152
74.583236602
-101.374999935
-70.565166280
74.583317954
127.930944653
125.958298980
-105.374993856
83.999988311
91.374664481
84.583296946
-87.374999078
-87.374658339
105.374999998
104.672547929
-98.609330896
-87.231759343
-89.374999887
-99.374999887
-99.374999168
-120.276387711
-89.374987712
-115.267017228
-123.873071519
131.981849891
85.999999580
85.997524315
-125.305611133
131.997478781
-131.978798852
-86.000000000
143.981511885
-115.997517959
91.999999998
115.999948442
80.000000000
-80.000000000
111.997188862
-80.000000000
117.999650504
79.999999056
96.000000000
-87.999999168
-93.999329300
-85.872776558
79.997188796
101.999999887
-101.981850072
-101.873071989
-86.000000000
-118.000000000
-147.961268116
-145.999999887
163.999999985
-137.981805379
151.306795133
126.000000000
-157.961635394
-139.872992015
139.999954489
-141.873071255
-131.997479013
127.999999885
121.979418846
122.000000000
-127.999999885
127.999993856
-139.981805373
121.999954601
127.999999773
143.241355062
-139.870866484
-141.999748679
151.999999969
140.338840292
146.548299224
-108.549463725
98.000000000
-136.518228057
82.000000000
82.000000000
132.518019224
124.549463530
76.549462871
81.999801100
-76.549463725
76.549462981
-143.087717927
92.549393653
90.664526615
-110.549384171
125.999999985
-131.999999985
-95.928335500
101.999999998
-114.000000000
-113.999999056
127.981519878
-101.999999986
151.999664563
118.000000000
123.981850055
129.997524300
-123.999993825
78.000000000
78.000000000
-147.999323001
119.873066577
101.999999985
-77.999999998
-131.999954584
-127.999992177
-102.000000000
-111.999999970
-111.999999985
-101.999909202
112.000000000
-91.999953657
-42.000000000
-42.000000000
87.999954598
105.981844038
-85.999999985
-75.999999168
-34.000000000
41.999954601
33.999664578
-34.000000000
95.870596275
-79.999999883
79.999664594
52.000000000
-57.999999982
-68.000000000
-57.999999984
-51.997524299
84.000000000
113.997524073
117.856766982
-81.305614203
102.000000000
-103.999618985
103.306807308
-103.997518170
-97.999948442
95.999993743
-101.240059258
-95.981850072
95.999999967
-101.999993841
-109.979088547
-97.997524073
105.306517396
99.997187246
-109.999999168
99.997142694
-72.000000000
-64.000000000
-97.997511115
-97.870585294
-99.981844038
101.999283817
-105.999999168
72.000000000
64.000000000
-109.999999998
-117.999993856
137.964023542
111.999954599
131.999993854
-108.000000000
115.979418046
-103.997524090
-145.760414668
-125.999999149
139.730105492
-119.997524315
-92.000000000
-99.872770835
-101.999664594
-103.306682031
99.306849746
-99.981849958
-76.000000000
91.999658339
-76.000000000
76.000000000
-117.873071975
117.981850070
157.997183596
-144.000000000
-167.999993855
-193.981760793
197.997138112
171.999993840
171.999987712
-187.998993891
148.000000000
179.981849960
-140.000000000
140.000000000
195.981185395
-154.000000000
157.873032001
-139.999663646
-154.000000000
-164.000000000
-161.873032001
-159.999993743
165.999908371
114.000000000
-124.000000000
-139.999999984
147.997522656
-153.981476127
-137.999999998
-137.999948345
113.999999168
124.000000000
-127.997516527
-127.999953752
141.997518155
141.999658449
-148.900561525
-155.997190048
147.760444823
133.999999775
145.999999985
-150.003411954
136.003404967
-148.000927820
141.873071890
145.981844044
131.999908373
139.759928239
-135.985200559
-135.999993856
113.981850072
-127.999663505
99.999999168
78.000000000
145.870596203
78.000000000
-78.000000000
99.999664578
143.306846187
-141.239056908
113.999999998
108.000000000
126.000000000
-126.000000000
121.981849958
-114.000000000
121.999999168
105.999658324
-105.760191261
123.873071243
123.999954601
-133.999664578
-159.999999041
-117.999999985
-106.000000000
-106.000000000
145.997189736
-145.976621400
118.000000000
155.999993856
145.999863809
-155.999998224
-136.000000000
175.981760077
-149.999664594
-137.999663745
-144.000000000
-141.999999164
118.000000000
117.306852756
-133.999987694
109.999283931
-84.000000000
-95.999999168
95.999999054
115.999999996
119.868674397
-121.872776531
96.000000000
-84.000000000
121.999999998
111.981520697
-115.999954599
-155.240194928
-145.856776189
-136.000000000
-108.000000000
-134.000000000
-114.000000000
-93.999999998
147.999999997
-133.872775712
-135.997524313
149.999999887
-153.997518054
147.996854439
94.000000000
-143.963935187
157.999953622
-157.999954581
118.000000000
94.000000000
127.306849274
-137.841019451
-127.999619206
121.999999985
71.999993856
-109.997142808
-94.000000000
115.872770414
88.000000000
-137.999909061
-83.999664594
-71.999999998
-110.000000000
-117.999992894
123.979090254
-96.000000000
83.981514666
-81.981850072
95.999999996
-82.000000000
-81.870850460
115.999657618
127.999999662
-128.000000000
-86.000000000
-129.999664594
-161.999619177
-144.000000000
181.872991255
138.000000000
-112.000000000
125.999954601
111.999999168
112.000000000
-146.000000000
145.999993838
-125.999993854
138.000000000
-163.856737468
143.999993024
-128.000000000
-141.873071873
99.999999872
-103.999987712
-101.999283704
-107.999954601
-127.873071888
-115.999993009
-135.231370400
-100.000000000
-101.872776545
110.000000000
107.873031269
-102.000000000
-112.000000000
95.997524315
117.873071256
115.979418814
-111.999954601
109.999999998
-102.000000000
-111.999999985
95.999999168
-119.999953642
-143.981850057
-157.852741150
-155.857063044
159.305611086
147.981844038
-146.000000000
-159.999658451
185.870891089
-195.997432882
177.873031986
-167.999999996
-175.870885590
173.796357408
148.799423998
157.981849792
167.997521557
-173.571717179
115.572444186
-115.572444186
151.939889305
132.799524984
-143.872770796
115.572444186
143.939008995
151.999999624
146.667087381
-134.781374989
-114.799517991
128.794025672
109.973797020
90.000000000
-89.999999998
-91.999954586
-104.000000000
-91.999999985
87.857068371
88.000000000
119.999993853
-131.999954601
101.999664594
-87.999999887
-130.000000000
149.999983127
145.460765463
149.981758097
-139.939137294
-137.865286572
137.981844038
119.999999168
-137.997188906
113.999999996
-113.999999998
-136.000000000
115.999663760
139.997479009
113.758506302
113.873032002
-133.979001369
-143.872776459
-145.981837171
130.000000000
-163.873071142
109.997523468
109.981850038
139.981850057
137.999999998
132.669671908
110.000000000
-127.988254407
132.674190730
-128.000000000
-157.588259188
127.997518186
139.999993629
165.239954827
-147.999993841
150.674525901
-139.997524201
159.999999164
149.999664594
-149.997517132
-126.000000000
155.981849085
-125.999954601
-105.999999998
-155.979374372
-145.979412827
-147.857028285
149.999948329
155.305614211
-135.999999168
105.997524315
157.999658449
-111.999999985
95.999999887
-96.000000000
-140.000000000
125.999993743
-143.997523470
-96.000000000
-125.999664481
-147.997524315
-133.999993024
133.997132197
137.999664594
-157.997523468
-138.000000000
145.999999983
-145.999948442
158.000000000
-151.999999168
-171.857068064
-163.997517244
-157.981843094
-155.999619093
-155.999999998
-161.999993024
161.979089472
157.981754013
105.981850070
-157.872435778
-105.999954601
-105.999993856
-145.837343396
-145.248543454
-137.999664561
-80.000000000
123.247530266
-115.981805490
117.999664451
119.999664447
-119.999997375
-127.172773216
80.000000000
123.250027703
-150.000000000
-171.999999053
127.999658451
-143.870890992
-138.000000000
-167.649793258
125.999941707
126.000000000
135.174040648
-91.749999903
-129.999999868
75.749999903
75.749999903
141.731593320
-129.749738678
102.608563024
-39.749999903
-119.749999887
-89.749999887
-89.731849864
102.999664496
-109.999992108
-87.999999853
-39.749999902
-91.749999815
77.747524105
77.749999903
-111.749994997
-91.749999776
-87.999999995
-61.749999903
-111.749999057
-101.610586268
83.749999887
147.731844457
-125.749999903
145.999992763
-141.749999902
163.839769113
147.996822273
157.623063447
-143.981850072
104.000000000
-167.873071241
153.999993743
153.999993024
125.999992994
139.979090283
125.999664578
-85.999999985
-143.997144466
101.999999985
101.999999985
129.999664594
151.856732021
-93.999999887
85.999664481
-103.999999984
129.297570474
-103.981850057
85.997189738
121.964022898
-91.999999985
91.999664594
104.000000000
115.999663535
-83.999999996
70.000000000
79.999664594
-85.872775094
-105.999998304
-85.999664592
52.000000000
64.000000000
69.999954489
-75.964023686
99.999657620
76.000000000
-76.000000000
-52.000000000
-63.999999998
-127.760414646
-129.999999998
117.999993854
-123.981850070
167.996758637
131.999954601
-181.873071884
-141.999999998
-142.000000000
147.999663762
-161.857023693
-135.999993024
-129.997512042
-129.999999998
-149.999999168
151.999657604
129.997524090
130.000000000
-131.999999053
-131.999992078
-121.999664481
149.999993008
-102.000000000
-72.000000000
-135.999664591
104.000000000
-104.000000000
85.999664594
-99.999954601
56.000000000
55.999999887
79.997478197
-86.000000000
-109.999664593
56.000000000
88.895174884
-88.000000000
-107.981514664
111.241376323
-79.999909202
-97.999999967
-127.999329298
-126.000000000
107.999999985
-107.999993852
-112.000000000
147.999993743
151.999664369
-135.999954570
-139.297455493
-113.999999996
-103.999774097
119.999780257
127.999999158
146.419674581
-113.999999985
-87.999780370
-71.999999990
-93.306739919
71.999664397
85.999999990
-66.423453905
77.999999054
-64.423455003
-103.961634474
87.485123529
-79.999993856
-111.981850037
70.423385841
-78.000000000
-79.988078619
64.423455173
-90.304595503
101.988931062
-48.000000000
79.173456238
80.423376458
91.872730276
-89.999999975
74.423455003
126.422870787
48.000000000
64.294305918
110.423444498
-114.423455175
-84.423455175
-96.423455172
-80.423449031
-147.999663974
-106.000000000
-84.423455171
92.423455175
-104.000000000
103.999999814
119.981850000
-152.288034222
112.382326728
111.999999960
105.999999166
149.841016646
-125.997524315
-105.998310243
-141.997183479
-106.000000000
-105.996675046
-105.999993856
-151.999993572
-157.999952937
-141.999999983
-118.000000000
137.999999998
-128.000000000
133.981849130
109.999999985
128.000000000
155.997524315
-156.000000000
137.999993854
-175.981850072
-131.873071976
110.000000000
-163.997524298
147.999909091
133.999999168
-131.870890964
-151.999993024
114.000000000
-123.999999985
-108.000000000
-107.999954489
117.997478198
109.999954571
-121.999953770
-93.999908371
-93.999954601
-104.000000000
-99.964023698
131.296483787
-93.999999887
103.999999872
-137.999999984
151.854184935
-127.872441251
100.000000000
-138.000000000
137.999999168
129.981850067
159.760150609
138.000000000
157.981849145
149.999993856
-169.999999885
137.999993856
-173.997478195
-191.997182781
-167.997189738
-143.999993856
-143.999999985
149.997518074
106.000000000
163.744222798
-143.873066575
145.999953657
173.979090157
159.997523485
129.999999998
106.000000000
-157.872475806
150.411026756
-151.976665767
-120.640538850
-120.640625000
-156.411970719
-128.640625000
139.812149926
120.513401558
122.638149307
-141.306852818
159.999814883
131.999930678
-122.640624992
-135.971834070
-126.002139205
-128.000000000
120.002138612
-113.997438295
-86.000000000
97.999619320
99.706615203
-97.874916202
70.002140279
-129.075993914
-76.002139163
75.977825056
81.075948896
-93.075957685
-59.075658889
-64.002140279
89.075993636
50.002475685
-6.000000000
-60.001627966
-97.065320911
-58.742423094
96.002140264
-66.002475685
49.875547674
-6.000000000
-66.002140166
105.875252241
98.001789138
52.002133837
-90.002475670
-85.999999984
84.002475683
117.839131597
81.997530429
-81.308089888
-117.308037856
103.750000000
85.749999985
81.308089473
-85.750000000
-85.750000000
-115.873014279
131.750000000
151.056852776
-133.749995215
95.999999885
-127.981850072
95.999664594
96.000000000
104.000000000
104.000000000
-134.000000000
145.999664592
-145.999664481
-139.981799346
-115.981850053
127.999664448
-135.999999151
-135.997479026
-157.999954581
86.000000000
137.979412621
-115.999993856
127.997524311
-143.872730326
-133.997479013
107.999993856
-86.000000000
119.999999887
119.999329169
-117.999909204
151.994720992
118.000000000
-107.981805490
-111.999999887
143.981850057
141.872736582
-145.999999996
97.999999168
119.999999760
118.000000000
117.999999998
135.873064914
121.999999775
91.873071255
-97.870891089
-105.999999984
-99.997189738
-123.999992076
-100.000000000
95.964023700
92.000000000
95.999664594
93.870891091
-93.999999168
137.999953754
135.999993854
-120.993909806
111.999999958
132.992356163
-114.994261813
137.501108781
90.994261813
97.949388184
92.993435387
92.867013445
-72.994261813
-126.300518471
-82.445881177
-72.393398975
-97.998326462
-96.092246539
95.999540011
-86.994261813
-74.994259404
84.442762162
71.835208214
-50.092249032
47.883631945
-87.999999488
78.989142621
-80.994261923
50.092249032
109.958073088
-107.491367144
-48.000000000
-74.485645663
-114.600777626
-110.887677178
119.998641538
-108.000000000
-150.596350136
120.000000000
134.485571877
-139.999999544
153.999954487
141.999993022
-129.999993856
130.000000000
116.000000000
-132.000000000
-115.999999985
115.999999041
131.999993856
-143.999999985
128.499999985
128.495921531
154.499998629
-123.999999496
153.519029610
98.499993856
-98.500000000
110.499999997
116.000000000
-129.854668873
-98.500000000
-123.999999930
-117.874996698
105.999993022
123.994719333
-105.988907355
-106.000000000
117.873446221
-127.874993856
167.999993723
-138.000000000
151.719957255
-96.000000000
-137.999993856
100.000000000
-100.000000000
145.999657507
131.996849033
81.999999168
75.997524312
96.000000000
-95.999189646
-119.999999998
107.999999969
-126.000000000
81.999999887
-76.000000000
-128.744407719
-101.146286314
-101.325973744
97.999999976
114.675777351
-104.788586190
-82.000000000
103.411806543
-118.786065219
82.788586228
111.999999510
82.527934202
-51.277990875
87.999999993
-51.277990692
51.277990691
-72.788586228
-104.788586085
-104.738644938
66.788586208
72.788572462
-77.999999622
-72.788586228
-98.749075720
101.999951680
109.999996361
97.940309356
98.788584383
-117.981802571
-144.783145254
139.999658451
133.997524202
-147.997524194
121.981843172
126.000000000
145.999658337
146.000000000
143.999619210
115.999953754
-151.999993840
127.997524315
132.000000000
-137.997523485
-143.999663505
-143.999993625
129.999993856
-161.179364970
115.999993856
115.999999887
137.982719522
-165.981520665
-153.356378852
-154.049125156
-151.876371974
-107.873071989
100.000000000
88.049190745
131.922550711
88.049526151
-88.049173718
-142.048696838
107.873032002
-98.000000000
-96.049526151
138.046590150
143.988242966
-96.000000000
-133.981844330
117.999954584
97.873061165
137.870996362
-151.918550660
148.335594417
119.999664594
-110.000000000
-141.306685102
-147.981850072
-148.000000000
-169.873066562
163.484044786
157.873071243
-91.999999985
-92.000000000
-120.000000000
-141.232792547
-105.999663747
91.999999999
123.857068273
123.873071256
105.999999998
-113.997524315
119.999619195
-106.000000000
-145.873066577
-105.873071987
111.999999166
-105.979384093
121.997478916
117.979418859
-97.999999985
-76.000000000
-76.000000000
73.999999998
-114.109858811
109.981843109
-76.000000000
-109.999998222
94.270360533
101.997517354
74.000000000
94.273614363
113.999738096
113.873066550
-115.999663762
-118.146686356
144.273171241
-119.868680557
125.998116241
-143.873071157
-122.000000000
122.000000000
133.981848439
123.999999998
-99.999999168
99.999998336
-119.856346268
119.854882680
-83.999999164
-93.997524315
109.999999164
-77.999999887
-92.012278635
119.999993551
-96.135945906
96.138369581
96.156817340
91.382344874
77.999994666
-89.899749620
-92.141477708
-113.250771165
103.999999775
-90.159574362
-58.000000000
58.000000000
93.872780130
-97.999999887
66.000000000
57.999999967
93.999294573
101.751703668
-109.999999755
103.999901404
89.222681422
66.000000000
82.000000000
85.742246428
109.999899567
105.224114746
53.224450315
-81.224114866
43.224359528
-73.224450322
81.224449966
45.224389506
82.531135233
39.224449492
-45.224450324
49.188474024
43.221974639
-67.206299945
-96.932038199
40.099253644
2.249162761
-58.048420983
-55.224304435
55.224450324
77.224429738
44.848220340
-40.100286419
41.224447763
2.249162761
53.224438036
81.224450321
-56.100286419
-2.249162761
-46.973357351
-73.750403293
47.224450324
-56.100177410
83.169162778
114.319658502
-90.098356212
58.973357351
-97.224450277
78.973248558
78.973357315
99.169162777
144.251613030
123.999999967
-58.973357351
-126.319634890
-120.973357351
-116.955207388
-124.000000000
-146.015440006
144.355338741
118.419064133
-155.999995432
-118.499954597
74.499999995
93.753411958
119.306852701
-118.298525332
-97.999664578
-98.000000000
85.253411959
76.000000000
-85.253208511
-54.000000000
54.000000000
77.997524315
83.999954600
94.000000000
-74.000000000
57.849510243
82.000000000
109.306851569
-99.999993855
-115.997188889
87.997524315
53.981850066
59.817671092
-117.872731074
-87.999999985
-87.305608073
57.999999863
-99.997189718
103.981850072
131.999993856
115.999664593
-133.981849782
126.000000000
-155.999999842
-147.981850072
123.999999984
147.306685046
-123.241376324
123.872776543
-139.981514551
155.231685202
-139.999999984
-123.873071890
-143.997524300
-124.000000000
132.000000000
145.999999887
-167.992589478
-116.000000000
115.999664594
128.000000000
133.999999967
128.000000000
97.306852812
131.873071989
-98.000000000
98.000000000
141.296508836
-131.999663760
141.997479026
97.999999887
114.000000000
121.964022898
126.000000000
-121.999998337
113.999993855
-117.999999970
-119.999999887
117.981514663
-117.981514651
121.999954601
-151.241376324
-131.999954601
129.873071890
122.000000000
157.872695144
122.000000000
122.000000000
-169.999521474
-139.981850042
-129.999999166
-121.999999985
-139.999954601
-149.999993838
-143.999999985
153.306681614
137.999999166
-117.999987708
-117.999993854
167.999572669
123.981805485
119.997477858
99.999663745
-123.872477205
100.000000000
-99.999999054
-113.997490630
-107.997490645
105.999999887
69.999999804
-41.986519413
-102.132007630
-115.596038046
99.997524211
-103.999999815
85.445372063
-69.904205763
-63.999999998
-46.299755967
42.000000011
18.297279441
-18.297280270
32.299755967
-64.299755815
86.294129818
74.129913873
24.299755967
-79.999990903
72.172532495
73.605367107
-18.296944864
-94.276703245
-26.299755967
-18.299420549
74.281599960
74.156481548
76.281171703
62.299755967
58.299755967
-86.299755022
72.299755967
58.275339008
61.999999905
-63.999999382
-100.132007628
64.000000000
-58.272071986
-83.999999989
-99.999999887
-107.904086204
-113.999999382
-107.999966359
-108.296416400
72.000000000
166.390419896
-133.981849846
137.999987692
133.981844038
-113.999999998
145.999942226
-99.999664594
-143.999999999
-179.999657605
187.999276817
128.000000000
113.999999168
139.999954458
-145.979090066
-145.997189625
127.999999872
-131.999664592
-145.999999056
99.999664594
-100.000000000
107.999999166
-107.999999056
137.995053897
-99.999954601
-109.306849331
110.000000000
114.000000000
86.000000000
102.000000000
-85.999999872
-86.000000000
103.999999985
-89.997523481
101.999612978
85.306830120
-95.999999168
-123.873005705
108.395313706
107.407329374
89.964019802
-102.404734988
-60.422885068
-88.422886337
-60.422885068
58.295958326
87.962091867
93.999999925
93.999999909
104.395313690
88.591325310
-64.591325337
-58.422886156
77.999999427
110.557264484
-108.591216013
-73.106675090
-64.591124988
-73.106522812
82.591323895
56.109391855
69.478410483
58.109606274
56.109606299
-55.484955689
55.485067492
-68.192644808
72.440009906
47.215864153
62.109606308
-31.249445680
-31.249445797
-52.359621326
-63.350204088
-10.359589639
0.857649114
71.037208064
0.857800636
5.461626548
-0.837510160
-74.104821726
58.359621326
-60.004190348
-0.837660466
-103.521762900
101.523141213
68.359621213
-50.104833395
94.359621213
60.359619421
-74.086432841
124.104789520
-135.999999962
126.358643628
102.104833395
98.245665251
153.981808336
-100.280848803
100.280840667
-98.385682199
134.000000000
134.000000000
156.256874688
125.999619195
-119.999999998
-112.000000000
-135.981801546
-148.000000000
139.999664594
-117.999664466
-104.000000000
119.999992912
116.000000000
115.999993839
101.999999887
-117.999999887
-117.997523483
91.306849747
92.000000000
149.297540591
-131.981844019
-84.000000000
81.999954601
115.999999870
-91.999999166
111.999954586
131.997517326
-111.999993852
83.873071976
-82.000000000
121.976904701
125.873026390
-88.000000000
-119.999999056
119.999999969
-86.000000000
133.999565912
96.000000000
-98.000000000
87.999999985
98.000000000
-98.000000000
-125.873071987
74.000000000
-91.857068274
-74.000000000
-73.999999985
-92.000000000
133.999948340
127.981850057
107.712491627
-107.873069433
-121.997524315
-131.041534940
-131.241365584
-120.750010300
-132.749923214
-127.998822865
93.999999887
127.999987319
-133.976987541
-133.981499645
-147.999506090
155.999999785
163.872508853
-158.000000000
-121.999999985
127.999954601
127.365217679
130.000000000
129.184532948
-99.999652309
125.946460692
93.999999985
-111.999999872
141.238469589
127.344837512
131.964022898
-112.000000000
122.857263883
-81.999993856
-107.999999040
123.958930759
123.979328955
128.000000000
100.000000000
-123.997518180
82.000000000
151.162844800
155.997079861
-133.315204653
159.872992002
133.314000996
-133.313997911
-173.312528083
146.000000000
145.975814573
139.981520653
117.710138960
99.999999980
-129.999999168
-157.940682871
119.710138960
117.581030051
-149.725269479
110.000000000
99.999948457
119.710104362
111.999993853
111.999993856
-109.999998889
134.000000000
134.000000000
161.873061053
-169.981710185
-119.999993024
-116.000000000
-131.873071989
141.999999997
-131.999954601
131.873070524
149.999909204
-120.000000000
-115.999999985
-133.999999887
-159.872771146
-167.999999998
157.999999168
-160.000000000
-177.999999998
-166.000000000
148.000000000
-173.999999999
111.999999941
-111.999999940
-132.654451814
88.654451814
-129.999999995
103.999999942
111.581354602
127.999999152
-97.932026087
-107.999990660
24.654451814
81.999993840
24.654451814
-24.654451814
-57.999999887
73.999999985
83.999909179
52.654451598
-76.654451539
48.000000000
95.581248095
99.306830120
57.999999992
93.999999998
116.000000000
-131.999999887
-107.999954601
75.581248644
-116.000000000
-145.873031986
132.000000000
119.999954601
107.999948442
-108.000000000
114.000000000
-120.000000000
96.375001118
-107.997472899
119.999953657
125.999948457
-141.997524187
-163.995054742
-155.752736810
-96.375001125
-114.375000307
-129.999914719
95.872733737
-73.379338368
83.999999166
-57.979130307
-55.379338376
-54.684784228
-57.306852704
-23.997253494
44.000000000
-23.305478152
-59.827632950
-57.279654562
39.997207976
37.999993856
61.999645136
-37.870564000
-24.000000000
-23.997253381
-75.997253269
-85.999999888
55.981850055
75.997253494
-99.303939047
-108.540937707
-117.287476041
-111.997253494
-127.191217307
-107.253362382
-69.250663483
-121.230138992
-129.999960891
129.999999049
-107.188739166
123.744770111
101.250664305
-83.253410811
-137.039524426
128.000000000
111.057476604
-111.551184891
101.551189344
-103.997073432
-97.845982948
-103.551189272
47.999664614
74.669897200
-89.999994251
88.000000024
87.873072012
47.873072013
73.551189088
25.999990423
-17.553450360
77.981849747
-67.004655098
67.999999882
26.000000021
55.551188823
-17.553665025
63.971782358
65.999283777
61.553311676
55.553658863
-65.553665048
56.000000024
-17.553665023
-17.553665023
55.999953263
-95.981779154
-93.470601401
-89.867144723
-77.992828190
-115.996133703
-106.000000024
-130.093446925
-82.934005853
-135.999375285
-141.380337270
-130.901359281
-123.999664593
-125.873065742
-126.000000000
-117.999988563
-97.999999887
117.999619208
-97.999664592
97.999999887
-128.000000000
-157.999605248
153.981849123
-112.000000000
94.000000000
105.999999168
113.997532504
-136.003356679
-120.003362721
-120.003362851
111.873071987
94.000000000
-119.997524315
-130.000000000
-137.985151184
-139.999993840
-142.000000000
131.297381410
129.873032002
125.997188077
-131.999664592
132.000000000
133.995041464
112.000000000
111.997524313
145.855905619
-121.999999984
87.999999983
-87.999999151
-105.981805364
-83.999999985
-101.981849962
-88.000000000
107.999664589
129.999663650
-131.179924808
-103.976993546
-83.999999996
140.000000000
-119.981850068
109.995008739
-103.981850072
145.999999998
-145.999999999
103.981850072
-145.870851191
155.854629688
132.000000000
157.995053089
109.997524282
121.994387348
131.997479028
80.000000000
-135.999664578
-109.999999119
-109.998377971
-73.997524315
-88.000000000
106.000000000
73.997524315
115.999999887
74.000000000
74.000000000
-80.000000000
-73.999999168
-117.912839532
-105.917399336
106.000000000
74.000000000
123.978995351
-127.999664593
131.489241858
-117.999999999
104.452100926
114.452172457
-130.434014174
104.452172457
68.452172457
-108.451708052
64.416196154
-34.452172457
34.452172436
60.451372803
76.452172168
76.452172457
34.452172457
60.452172452
90.126698437
52.126698360
-64.427127059
-92.000000000
109.999786579
88.452172433
-84.126698391
112.126698448
122.126698441
-103.999999168
113.981850070
153.870798564
-107.999999155
117.999999887
103.981849255
-108.000000000
135.999993854
-135.841310789
94.000000000
119.981793310
-91.999999998
-112.000000000
92.000000000
-92.000000000
-131.946191594
93.999999984
115.981805487
135.981850068
-149.999999775
-151.999999885
-129.999658436
-129.123970534
129.125005688
-155.997523776
115.125006035
-115.125006035
119.956896856
115.125006033
101.125006035
-101.125004357
115.125006032
137.125006034
-122.000000000
83.999999963
-146.731643434
-111.999985246
111.999195595
110.000000000
-100.000000000
96.000000000
-83.999993856
-117.999664594
-155.306658919
138.737514106
-95.999999168
99.999999985
135.748598946
125.750476916
143.999999997
-155.981468465
141.306849691
-137.736357679
-159.996817823
165.999999980
-141.750527924
-141.873071256
169.997524299
-163.999987597
-163.873071985
-155.306852819
-156.000000000
155.499998992
-155.499999496
-169.999999984
-119.500000000
-166.975892302
119.481850072
-119.481850072
157.967845392
-116.000000000
120.000000000
110.000000000
109.997522947
133.979418046
87.999999984
-85.999999887
-97.999987569
-97.981844023
102.000000000
-129.999998941
119.997524300
105.999954601
-86.000000000
-87.999954601
87.999954601
124.000000000
-157.304209775
-145.873019513
-117.873032002
-141.873066476
129.997524315
-133.981798639
-135.999664591
-135.999664593
143.306852396
120.000000000
141.873030535
129.999999168
-161.870850993
139.964023700
-144.000000000
-140.000000000
-139.997524203
-171.870890345
155.306852347
155.999954586
136.000000000
-136.000000000
-157.961635394
-183.821848999
-121.999954601
-119.638973114
131.853990373
-119.639000066
119.512076904
-108.000000000
-135.997524300
121.999993692
129.999993743
-153.638972628
-155.638738851
-121.639004349
-108.000000000
127.999999984
-131.999999168
129.997524315
-129.870596304
137.999954601
137.873071987
-139.872771132
127.870885691
-131.994387223
135.981850072
-131.997524315
137.999954599
-137.999999885
-142.000000000
134.000000000
147.999999699
129.483881146
141.482112183
-103.483881146
103.483881146
-129.481378350
119.625964968
-105.483881146
-77.483881146
-105.465731107
-95.483880314
95.483881146
99.481314665
-97.483539547
99.483881144
77.483823441
-88.790563176
109.478590101
108.790564389
125.999973227
-89.483880650
113.969723012
-95.995295797
64.000000000
87.241376316
71.999999760
-72.000000000
-90.000000000
77.981844038
-26.000000000
26.000000000
-58.000000000
-54.000000000
26.000000000
53.297736266
50.000000000
83.999993856
-101.961268919
-26.000000000
-51.999993741
99.999999884
109.980580681
-88.000000000
97.981849255
-89.981805410
-91.981849242
-55.999993347
-97.789145293
-67.999664593
-15.997524315
79.873025024
89.306849860
-75.306852451
-63.999999491
-50.000000113
-55.995813511
-16.000000000
50.000000113
-73.241376384
-73.999987646
-61.648038517
64.000000110
70.272398960
22.000000113
-66.000000113
-57.997524427
58.000000113
-84.290923821
65.999993332
-100.290923821
58.000000113
-109.999998350
79.873071356
97.999954714
120.290923387
123.999986880
133.997516267
117.873071356
-135.997523144
-114.000000000
-107.305614211
107.999999985
123.999664594
-107.999999883
113.995047787
99.999664592
99.999664594
107.870885691
113.999946792
-109.999907526
-105.981850042
-147.999600769
-99.999663747
-100.000000000
117.994639473
93.226011578
131.999999136
105.999999168
-133.226010747
-128.804946660
-79.226011578
128.532859514
-79.226010747
79.226011578
-129.165278084
-139.226011578
155.226011578
155.217600427
-145.224714476
-153.226011578
177.225533128
-185.927984716
-147.999999999
140.628410371
-148.623775973
138.501443859
-113.981850072
133.306852819
-114.000000000
111.873071989
-112.000000000
143.999992192
-158.628411955
-117.997523485
-111.999993856
-131.999920573
-125.995054741
-126.000000000
-112.000000000
-131.451071491
-111.981844035
105.997524297
139.981850072
-131.981442725
131.440634393
-143.963945474
-157.868999628
116.000000000
-93.999993856
-94.000000000
151.996803891
135.999992080
-100.000000000
113.873071989
131.981475313
-115.999999985
115.999954601
137.731777987
-135.999954601
99.999999998
93.999999998
-119.999993856
-119.999999039
-135.872991901
129.999662706
-133.999948457
-139.976337281
104.000000000
-123.999619207
-88.000000000
-88.000000000
-115.981565730
105.997524315
-115.999664578
-87.999999887
111.997524315
-132.004990313
148.004984012
123.999999059
105.999992197
-131.749435996
119.861723367
90.004989597
108.004990429
-110.004982502
-94.004990429
-88.002513916
-117.875881656
-81.986175817
-99.862058081
-58.004990429
78.004313590
66.004990415
28.004990431
80.004990429
-68.004312759
24.002514900
30.004990431
38.002514900
10.004945408
-24.004984286
-48.004990358
-30.004989487
-6.002521126
-50.002462528
-5.297736818
5.297736803
-24.004990431
-38.004989624
-54.000045199
-24.002502627
48.002514744
-5.984325881
34.004990585
71.878062438
6.002521126
6.002521095
74.000026592
-56.004990415
-83.878061836
-54.004990585
-103.875881675
78.004990585
-72.000043643
-84.004984410
78.004990570
102.004608947
-86.004990585
-78.004990570
107.986359090
-118.004990585
-115.878062574
-117.999909430
-127.997530495
131.873665575
120.000000000
119.997439846
-115.986750564
-137.999999043
-127.873021205
-119.999663762
-161.997536609
150.000000000
-140.000000000
-120.000000000
173.854882582
-161.856954769
149.374999879
126.000000000
137.999999790
143.999869790
115.966354285
-133.873071987
103.999993646
113.869001384
-104.000000000
-103.999954601
113.999999996
-118.681684686
-127.374999998
148.000000000
133.999999998
-144.899678788
129.873071865
153.873065798
-161.999954488
144.500007864
122.500007889
137.997524202
121.999664481
122.000000000
-135.999764012
-133.981850068
126.304540787
-121.441793239
127.999954487
145.999663680
129.999954489
109.999887666
84.000000000
-116.333186066
-103.999993845
74.733058946
-118.315065734
78.333215674
-78.333215674
83.999999917
-100.271891163
103.093974018
74.760758501
-140.747714540
-132.333215674
124.332057961
-133.999978732
120.422994693
-147.238463604
-124.333214894
133.987607208
-140.423889252
-94.424788866
96.424788866
-95.731641686
96.424788866
100.424788862
122.422297567
64.424788866
16.424788793
-82.421005246
84.424782527
82.297860835
-74.406638938
-93.823611973
-16.424788793
51.999996056
87.997523814
91.977852629
-81.629409996
16.424788793
-74.381738082
71.629451683
-117.382462959
71.440268058
74.424788687
94.329192356
-57.124529539
-71.629451604
115.625499916
84.750101587
73.204662693
-85.124502691
78.329171704
41.124529539
47.777951554
85.182323465
-87.997513739
-81.998002481
70.267273206
82.104485148
-53.999999887
-48.000000000
86.104587325
-73.227826250
-71.999965251
54.267415854
-49.384341742
-41.036830034
71.516957701
49.384119435
-57.986078940
58.267276123
-59.874594355
61.516704004
-52.392424062
66.540752705
-43.513973010
-32.912477521
-32.912502406
79.947083848
32.912518212
-76.000000000
-63.999969205
46.912518212
52.000000000
80.621360088
74.206575376
74.912518211
80.432550969
-43.999999996
81.983374940
-72.616130100
79.365102233
73.983419262
-61.983419705
-60.912020209
59.413062096
-43.662452238
-32.912526035
-33.413062104
-30.014831207
2.453847718
-34.421819039
2.453847634
8.912398855
34.860861662
38.911842459
-2.455696968
-56.351148242
18.912529820
37.413061914
64.219384828
57.849762919
-62.906450155
2.455696884
-72.762583268
58.912494705
70.585945599
5.596226001
48.912533442
-95.468610594
-64.082320155
-60.585945598
64.585945599
62.585945598
-2.507632840
-63.599930975
86.583217728
109.564128008
-60.585692788
63.281550417
62.585945598
-103.853342931
99.722448137
-117.999999936
121.564129708
-100.585692581
125.599928682
-139.873071914
-117.999999514
-149.501903203
-113.995974529
133.999984337
114.000000000
-105.999664594
132.368021031
105.999993856
106.000000000
137.999993840
157.979418032
-129.979418861
-129.981850072
-143.997524315
-135.999999985
135.999658451
143.873066563
-137.872776489
133.873071989
133.241375925
-157.231328717
137.870596249
-145.999887349
-121.981520134
101.999984678
105.999999996
-139.999908337
-88.000000000
113.999999930
-105.094342305
-111.999124233
-91.086344742
75.300717502
-77.711248693
83.857055100
-101.093850505
79.086631961
-82.716598779
98.754820505
76.000000000
77.955370331
-81.086952483
-77.094342307
-76.933506667
93.094340644
-117.955647936
75.999999960
-76.951410581
80.967413563
92.967334315
111.999170514
-145.094341138
-113.955690680
-95.999999885
139.999662425
122.000000000
-131.999664260
-121.999954570
-121.999954545
139.873071988
129.999619208
159.873031256
183.979418750
142.000000000
-163.999999168
142.000000000
158.000000000
145.999999983
139.997518181
139.999999056
-147.997510719
125.737017316
111.736971908
135.721123597
-129.976409623
-137.625368586
-103.737017318
123.737017233
-111.737016488
119.732037335
81.737017320
-83.737017320
81.701041004
81.469047256
83.737017320
-93.734541523
85.736681914
85.737017320
-99.737017320
101.837843011
83.737017320
-85.737017320
135.737016677
163.157396398
129.737017320
141.736982404
141.999990079
-133.736759451
-112.000000000
-135.999993022
-106.000000000
106.000000000
125.979368368
131.981849957
132.000000000
105.870891089
-135.999999996
-125.999993851
107.999999984
107.999999985
113.999999998
-100.000000000
107.997478199
107.997524312
117.999954586
-118.000000000
151.999954586
-127.961635392
-100.000000000
-122.000000000
-151.999999168
-157.997472070
-113.999993024
143.964022881
113.999999970
113.999999984
-135.999993009
137.999993856
-137.961635285
-125.997524315
-135.305609490
135.997524315
-120.623799935
-143.999954601
120.623798991
101.999999990
-135.297570476
-101.999999998
101.997524315
119.999999827
139.999902948
-123.999969526
123.873071989
135.999999997
149.981514663
-107.999999056
119.981849962
123.999993854
124.000000000
143.999999969
145.306849634
-165.997524201
-139.306849683
-135.999664576
151.997138337
-151.999999985
-159.999948457
-127.999999985
153.981513832
127.999993856
-127.981850072
-131.999993854
144.000000000
161.841316820
-109.999999998
84.000000000
-109.903069315
83.989604184
-83.989604184
-132.309099782
108.000000000
-107.999473210
-94.529629491
-88.558753358
112.249848595
138.248478341
87.700324263
-88.249196505
110.124442575
-48.251672190
-82.251672190
48.251672190
48.251672190
-94.233522262
-98.249196505
82.251672190
99.985860041
116.124663406
-100.251672190
-144.251626791
-170.121119285
-124.251672187
-147.491540973
147.997524281
147.365951564
-141.997513405
-147.414521271
151.873071989
145.999664594
167.837922389
129.185486054
-129.195409578
133.203615458
-108.000000000
133.999796437
107.999999999
108.000000000
-149.205623071
-140.356989222
140.499998265
-147.999999916
-114.000000000
113.999999168
127.306852756
-143.306852763
-125.999993009
-68.000000000
97.999999887
111.999999168
-84.000000000
103.999619210
135.999908357
-97.999999168
-68.000000000
97.306852404
97.999993024
-84.000000000
104.000000000
155.994336096
-111.999999887
-151.999954601
141.999902099
161.979156065
176.933749755
-155.999793312
98.000000000
97.997524315
-112.100419640
-113.997522988
-113.995858865
120.394008367
-142.087322081
98.000000000
-103.999999872
112.100616079
97.999999887
-97.999999887
150.100615392
168.087322847
-154.100665610
-133.999999887
-167.999958928
179.999909076
-179.999954586
167.999663839
-173.981848077
-159.999664479
-134.000000000
159.981837974
-114.000000000
-154.000000000
141.999999887
141.870885691
-129.999999153
-71.999993841
-74.000000000
89.999954489
89.999999885
99.999954599
72.000000000
-102.000000000
84.000000000
71.873071989
109.981844038
-109.981805490
-101.999999985
107.999993856
139.999954358
-143.981850072
-127.999999887
-157.981519881
-143.963978951
-137.997524315
-137.999999998
-140.000000000
-171.873071960
133.305253481
131.958881286
135.997518056
137.981520697
122.000000000
117.999999985
-135.979329898
-100.000000000
119.999993518
133.999663635
-117.854921740
-119.760450192
-117.981849959
121.999999985
-99.999954601
135.981519752
111.999993855
-117.999999998
-121.999664593
109.999954601
-112.000000000
-109.306829702
109.999954601
-109.241373447
121.999993856
149.999663762
-163.992495032
109.241376323
121.999999985
-153.999999887
154.000000000
145.997524284
