-138
132
-166
104
-92
92
104
150
100
-92
-134
-148
-122
96
-100
98
-96
102
-124
-152
150
100
-96
118
136
-162
-124
124
182
154
-130
124
154
138
-138
140
128
-128
98
-166
-110
-110
140
134
-58
-58
-86
86
-106
-84
110
58
58
126
114
124
-134
-126
124
88
138
124
118
150
138
144
128
178
-142
142
-162
158
146
-90
142
-108
-108
-146
-126
106
-90
104
-128
-128
-116
-144
-84
-84
104
130
-128
84
-132
130
-152
-128
-178
-150
-196
-160
-160
164
-156
-142
-142
168
-184
-142
134
142
-142
166
-158
-146
156
134
132
146
-146
-160
-126
152
-134
132
136
162
-136
-126
146
-148
164
160
-146
-142
-154
-190
190
-178
-160
-196
-172
-172
-174
-178
-168
-168
-170
152
-168
-168
174
164
126
110
-110
120
-146
140
-110
120
152
138
-124
-140
140
160
-134
-128
-134
-124
124
158
150
134
124
142
152
-142
134
160
-134
134
148
-148
-144
-154
-148
-172
-130
144
142
128
-128
-138
144
138
96
-96
-114
138
114
96
-146
122
-128
122
-114
144
124
124
146
166
-168
-114
160
170
-170
-166
166
-146
-178
146
146
-194
-154
-148
-148
-160
130
144
62
102
124
90
-120
-98
-98
62
144
136
-90
144
-100
98
-114
98
-74
-112
-86
-86
-106
-80
96
-74
-122
-88
-96
-98
130
128
136
-80
110
166
162
-136
-110
-152
140
152
172
-186
-176
-144
-120
120
144
-162
-128
120
-126
114
122
140
-104
-124
100
86
-134
98
-98
-94
-126
100
-86
-102
-130
-120
88
-102
-120
120
-106
-146
-134
-88
152
164
-180
-184
186
176
162
-162
-164
156
120
-156
120
120
168
180
162
160
-156
-144
-152
156
150
150
-146
-152
146
100
100
-140
-148
124
-100
-148
126
126
-124
142
-122
138
158
120
-120
138
116
-122
120
-150
128
140
128
-116
120
120
134
-176
-158
120
144
122
122
-136
-114
150
134
152
-122
-114
134
106
-106
-126
-134
114
-106
124
-124
-158
-114
158
-110
-126
-110
-132
132
-124
-138
-86
-70
110
-98
124
-98
-98
-86
70
-132
152
144
108
108
-156
-152
-140
-108
130
152
-118
-126
130
126
108
-108
108
78
122
74
-74
-122
126
-74
-74
-124
86
-120
-126
-126
74
92
-126
-126
-138
96
150
-116
142
-154
-164
-152
96
152
144
144
-142
-152
124
112
130
-136
-130
-90
154
90
90
-154
136
-108
-108
-146
-114
-94
80
80
-98
108
94
-80
108
92
112
130
144
-110
110
90
-124
114
110
132
-142
-104
58
-94
60
60
-102
-104
-72
-58
-92
54
-60
-72
98
-100
98
-116
-54
68
104
-120
120
126
-146
-154
-180
-162
-192
162
182
-182
192
-170
114
-172
-114
114
170
-174
-148
146
142
136
-110
102
92
110
-58
58
84
-104
84
-58
134
-132
-116
-142
-134
156
132
-134
166
-168
166
-134
198
-192
154
-154
-156
-106
-108
112
-112
116
-126
-126
-106
126
108
-128
-102
-88
-108
-98
-98
122
130
102
-88
120
126
-108
-108
130
108
112
-84
118
-76
-100
122
-122
-118
-84
-118
76
-102
-136
140
-156
-104
136
128
-122
-128
-122
-128
-142
-108
122
-108
108
162
-176
-144
128
-172
-168
138
156
144
-144
152
126
126
106
-144
150
-126
148
142
140
106
152
-170
190
170
-180
-176
-162
154
-148
-132
-132
132
90
112
-54
-54
84
88
-106
-100
54
82
126
-84
54
102
-90
-92
82
134
-136
132
90
132
120
120
146
-148
146
122
150
146
146
-170
146
124
128
124
128
-124
-116
128
124
124
140
-132
136
-116
-164
-142
142
142
-136
150
130
-132
-56
-114
-120
108
-116
-114
112
-56
-128
-128
104
-134
112
108
-102
108
-108
-104
122
-142
126
144
-112
-164
-162
-148
142
-142
-134
-134
-118
118
-124
-134
-124
-116
138
144
-142
-126
-158
-150
-116
-158
170
-146
146
-150
146
116
144
134
-134
142
-140
106
-116
116
-116
-140
-150
154
-106
128
-148
-148
160
158
150
-146
-154
154
-166
160
160
152
96
-118
-124
114
126
114
114
96
-120
152
152
-144
130
172
180
158
140
-182
128
128
104
150
-126
-126
146
-160
132
104
156
162
-146
-178
156
146
126
104
-120
130
-90
-106
90
-84
-74
118
-126
-106
134
114
84
74
-150
-126
120
158
136
-144
-124
-136
-124
-124
136
132
150
104
114
-104
-76
106
-130
114
144
110
-126
-76
-106
130
-174
122
-106
-120
-128
-140
112
-142
-122
106
120
-150
124
112
150
164
146
146
-158
116
146
122
-150
148
148
-136
-102
110
-114
96
96
126
-122
102
-130
138
96
96
-96
-118
-96
104
100
-118
-110
-70
-100
-70
70
102
128
130
-92
116
134
150
-140
128
-172
-144
162
156
156
156
148
160
-162
-108
-128
-138
136
-148
136
102
108
-128
-136
144
168
136
-102
112
-136
156
118
118
-164
-148
-156
118
-172
-164
158
-162
-162
-130
-186
130
130
-150
-150
182
162
-172
140
-138
162
194
190
-178
-142
-154
-174
-144
164
136
-76
-122
-136
116
138
-136
-136
-104
-120
76
76
90
84
84
98
-108
-160
142
138
-128
-162
-122
-100
-96
90
96
70
-104
70
70
-96
90
-138
108
122
110
-146
-160
144
-140
-148
-108
-108
114
112
146
58
-58
94
-102
-112
58
72
120
132
-106
-72
130
-134
138
-126
132
-160
-130
164
-172
186
-138
-152
-126
-126
156
-128
98
-126
-98
98
144
138
-138
-132
104
104
168
-120
-118
-104
-118
-118
130
130
-132
-122
-150
134
164
134
134
-160
140
174
-136
146
128
136
128
98
-146
160
-148
-126
-144
126
-98
-150
-168
-166
142
-160
-126
100
-104
64
-76
-102
-102
102
102
76
78
-92
64
64
-92
108
120
86
-86
94
-92
-116
148
144
112
-116
-118
124
-136
158
-140
154
114
114
150
-118
-118
-114
130
-142
-172
154
-154
126
136
158
158
154
144
-168
176
-190
-172
-164
172
128
-128
158
148
-174
118
120
-110
-92
120
-92
116
-92
104
-98
-98
-92
-104
-118
118
160
-104
128
-140
152
-142
-142
152
-138
116
-132
86
-110
108
124
-116
116
110
-86
-114
-116
-108
-116
-134
-118
-134
-116
116
-142
124
-124
-110
-144
156
144
150
136
158
136
-136
-176
-148
-158
-158
-152
-130
-82
124
108
108
-116
90
120
-82
-104
108
-102
102
-88
-112
-92
-88
138
138
-112
-150
-150
-150
-146
-140
-130
-60
116
124
-132
-124
-94
130
60
94
-140
-140
166
-106
148
-86
130
158
158
-176
-142
-148
-86
164
156
-156
144
144
110
158
136
-144
136
-136
-164
-110
160
156
-180
-172
-180
-132
132
-172
180
142
116
-150
-118
86
-120
-120
-82
116
68
-70
-68
0
98
-70
-58
-80
26
64
30
24
-62
62
-56
-66
0
36
84
-74
74
0
-74
-82
-86
-24
-86
54
26
88
-86
100
74
82
-126
122
-100
132
126
-150
-164
146
158
146
-132
-168
-148
148
158
158
-178
-132
146
182
-178
-142
114
-114
94
-104
-94
-94
-132
108
104
112
-148
116
-106
124
-144
124
124
124
-132
-166
160
-172
144
170
162
-124
-138
-124
84
114
118
122
-102
-94
102
-82
-82
-120
128
-54
46
-90
70
-70
98
74
54
-46
98
-96
-66
-116
-110
58
-104
-46
-46
106
-108
-74
-46
112
-106
142
-158
-134
-142
-128
-148
-136
-154
116
68
106
120
-122
-108
-134
94
68
-94
-94
112
120
128
-122
94
-94
-136
80
-98
94
-118
-150
138
152
-80
-98
-124
-156
-146
-108
-124
-162
148
-112
110
-56
-84
68
-60
-104
114
-102
-56
90
102
60
106
-152
-150
118
84
-110
126
-138
-130
110
-126
-144
128
128
-152
130
122
-144
144
-160
-166
-154
-162
140
132
-142
136
-136
-136
162
-136
-132
142
-140
140
-158
-154
172
142
-158
144
152
-136
136
140
-152
112
-94
-114
-88
-86
-86
-50
82
-64
-64
-102
64
106
-50
64
118
-114
122
88
-94
-88
-104
104
100
-106
-122
-118
-130
124
-132
182
-132
146
136
-136
-172
178
154
94
164
144
144
-154
-74
132
-94
-98
-154
-134
136
74
-120
-136
146
148
122
-150
100
-82
118
112
104
-112
-76
78
76
-96
-130
-124
78
-102
96
-114
-76
-96
-120
94
-104
-136
146
110
126
-108
136
-148
-96
-162
162
-104
-78
-128
86
86
-114
76
-84
52
-62
-82
-138
114
-114
110
162
-128
82
164
164
-166
-166
138
128
-138
126
-156
-126
-126
-154
-130
130
-146
160
-154
-134
152
-154
146
-134
-126
-136
158
134
-124
118
106
-106
-104
106
-116
-106
116
-126
134
-128
52
-112
-146
-142
132
-112
104
-52
-134
-166
-150
-132
144
-166
118
136
156
156
166
136
124
-146
130
130
128
-112
92
90
126
90
90
-108
112
92
-108
108
110
-148
-154
-122
134
136
160
142
-154
-134
-120
120
140
166
148
120
134
136
-148
-156
150
-166
170
-180
-182
170
-182
-138
-138
160
-142
118
-76
-160
76
76
118
-120
120
104
-126
122
104
112
120
118
124
118
118
-104
-112
120
134
-138
-150
192
170
-166
166
150
134
-120
128
120
120
-128
-136
144
128
128
158
158
154
-150
128
134
134
140
-168
-166
-134
128
-156
160
-162
-174
180
150
162
140
140
-162
164
146
-140
-162
170
170
144
150
-144
144
-158
-158
-150
-154
-178
-122
122
-168
-132
130
-110
-132
-128
-128
130
-132
-142
110
112
112
144
138
-116
112
-116
116
116
-136
-140
56
-116
-58
-58
136
-132
136
-112
124
-72
72
122
96
90
56
96
100
118
-90
120
-100
-142
-132
128
136
156
-108
-108
-126
106
108
106
106
108
-156
120
-146
134
140
144
-174
124
140
124
-124
146
-106
106
-144
128
-78
-106
-144
146
142
116
-128
-78
116
172
-172
172
-180
-156
-130
-158
144
-144
-152
-172
106
-106
-112
-144
146
106
-126
102
148
-108
-108
-144
-122
72
-84
-120
116
116
110
-76
-72
-78
-82
-82
116
-104
-76
-116
102
-60
-60
-122
64
-108
-60
112
-106
-106
120
-64
-120
120
-150
-144
134
104
98
-98
104
-126
-128
-98
104
-134
134
-162
138
154
-154
128
164
128
128
146
142
156
-122
122
-126
118
116
-112
-112
158
166
-116
112
144
-182
-164
-162
176
162
-162
-162
-162
168
-168
-176
-166
-142
-124
-132
-142
-174
160
142
124
-124
146
-126
132
132
126
-124
-168
-130
126
-130
-132
94
-140
94
-94
-132
166
-156
118
158
-148
166
-184
-174
164
-174
-164
164
-174
182
-208
-194
162
168
158
-118
-176
152
152
-136
-114
-136
-104
-104
-142
-130
-146
104
-104
114
-144
-102
-98
120
-146
144
114
-144
102
-98
-134
-156
-112
-112
-152
-134
-146
112
134
128
118
158
160
-148
114
186
186
174
170
152
-142
-172
-142
-136
-136
156
176
-164
136
-150
-148
140
-114
156
114
114
140
144
-164
154
152
-124
-148
160
140
-160
156
140
124
-148
-160
-140
166
142
134
-132
-132
-146
-108
138
-104
-86
140
118
118
-148
-148
-104
86
142
142
158
-144
146
150
-110
-144
-118
-118
-144
170
-130
110
136
-134
-116
146
132
122
-120
122
122
-116
146
152
-116
-138
124
-148
154
-172
-164
-116
-142
-148
154
-152
146
136
120
88
-134
-122
-122
-118
-130
-118
86
134
86
86
124
152
-116
124
-122
-138
-158
-116
-122
136
132
-130
-144
156
-124
-162
166
-140
-126
104
-104
108
98
106
-104
-108
152
-130
146
-98
148
156
156
188
158
-166
140
158
174
-164
136
-114
128
122
-122
106
98
-134
100
-100
-134
158
-106
98
118
-88
132
122
-116
-130
132
130
-88
142
104
-104
-144
148
138
162
118
-118
106
-166
-132
-118
132
-124
124
-136
-158
174
148
-148
92
126
112
-120
122
-134
-108
92
108
108
-140
140
-150
180
-156
-134
-144
-160
162
-166
-156
-140
124
-160
-164
136
148
-136
108
-108
128
128
138
108
-130
130
142
-142
174
-180
-144
-132
-90
-130
-110
-110
122
-94
88
-88
112
-104
-104
108
94
88
88
-116
-130
130
-136
110
120
-118
-130
124
-124
-108
142
108
108
116
-118
118
-132
116
154
154
-128
170
-128
128
-134
-130
130
-140
144
-148
134
170
-142
142
178
-180
180
-184
-166
-178
160
160
-164
-156
156
-160
176
-172
138
164
-140
140
164
142
-122
-138
122
-122
-142
142
-156
-150
154
158
-172
162
-162
-156
162
204
204
188
180
186
172
-172
-160
158
-164
122
-134
156
156
156
-134
-162
-122
-136
158
158
152
-156
-152
138
-176
138
-138
-164
144
-166
158
148
148
-138
-142
-112
-112
160
-124
-142
112
124
-140
156
-144
150
-126
124
124
-136
98
100
-122
122
126
-132
-116
98
-100
-132
104
104
114
-172
162
-112
-114
-122
122
136
122
108
-114
-88
-90
-78
-88
118
-90
-112
-102
-134
78
-114
140
118
130
144
-128
-128
148
148
-124
118
118
124
-166
-148
126
-156
-118
90
-148
146
-146
122
-150
-144
90
156
156
160
-172
178
-162
-164
156
-148
-168
152
-144
-144
158
-158
148
144
160
172
178
144
100
-170
136
136
146
-176
118
100
182
126
100
100
126
142
130
100
126
-120
-134
120
-120
-138
142
166
-152
138
-128
-132
92
130
-130
-152
-138
-88
88
-92
-116
134
-110
118
88
-88
134
134
-134
120
-118
-130
118
118
-148
-124
-120
118
124
-156
144
-178
144
136
112
-108
116
-108
104
98
80
-104
80
80
84
84
140
-128
130
128
152
-162
-110
144
-110
-110
138
138
138
-146
152
138
170
176
184
-186
160
-164
164
156
138
138
138
-138
138
-152
162
162
144
-152
110
174
104
-104
-114
-110
-108
-100
-100
-134
-134
-154
-100
-108
-112
106
-130
-112
-124
102
120
-106
132
-110
-110
122
128
-122
-106
-160
-140
128
-122
148
-172
-134
-128
134
134
166
-180
148
-140
-144
-134
128
-136
-132
-100
-100
146
-132
134
-100
126
102
102
146
-126
138
-132
156
-162
142
124
124
-142
-156
-120
-124
-142
162
-170
-170
182
120
-154
-160
-160
166
-158
-142
-118
138
-118
-118
-140
138
-142
130
124
110
-110
136
-110
126
-110
122
-164
150
124
-110
126
-130
-126
158
-136
-118
-118
136
-134
-114
-94
-118
98
98
114
-108
-66
88
104
-102
-88
110
108
70
86
112
-88
-112
-86
-128
66
-92
-98
-98
-128
114
-154
114
-164
-176
160
-158
-148
-148
-154
-126
-88
-88
124
106
-78
90
-98
110
100
-106
114
-78
-88
98
130
130
120
110
-124
-120
112
122
84
112
-120
120
-148
142
-130
-84
-142
104
104
-120
-152
150
140
-128
-134
150
150
-150
-150
-110
-120
136
-88
-88
132
-124
-110
88
124
116
156
142
184
140
156
160
194
160
138
138
162
168
110
138
-128
-128
-100
-130
116
80
-108
-136
124
100
116
-116
80
108
136
-126
118
-116
110
-100
120
100
-114
44
106
-88
-88
-136
114
-80
44
108
-148
-122
-80
108
-140
138
-134
-136
148
-148
152
162
-150
150
-152
128
-116
114
114
116
-132
118
-106
-110
148
148
-142
-110
110
-106
-136
-112
120
-106
114
102
-96
96
-94
-72
64
68
-28
50
50
-70
80
-64
50
28
90
112
100
-92
-88
98
70
70
-92
124
124
-80
-98
-130
-122
118
-118
154
136
-132
112
156
-114
114
-154
-132
-160
130
-138
132
-150
-160
116
-116
-124
-138
140
-130
122
122
126
-124
-162
-162
-116
-122
122
146
-176
174
-172
-118
-118
-120
-120
-146
118
130
148
180
-172
156
110
-114
122
-118
-120
-112
-118
110
112
-122
136
114
118
-108
108
130
122
-122
-100
-122
-148
-136
136
-148
-108
-100
-108
108
144
-120
158
126
-120
-118
-142
-158
120
-130
-142
120
-132
142
138
138
120
158
-120
-118
144
-138
154
148
92
92
94
136
-124
-92
-94
124
-126
116
142
138
-150
154
146
144
174
-182
156
148
166
-132
132
-136
-136
-144
132
-162
-136
-160
-152
-176
-146
160
198
182
-174
160
-152
-172
156
154
-156
-150
154
150
150
-182
182
142
158
128
-108
158
-170
-170
122
140
108
-108
-134
-122
-122
108
-120
128
150
144
120
-142
-176
160
-148
-134
134
-68
118
-112
112
132
148
-150
-68
118
-132
-132
-162
148
-148
-156
-164
-130
-114
-120
114
-114
-140
120
-122
156
-138
-124
84
134
134
100
-84
-116
84
84
102
-122
100
100
128
110
130
112
-102
-122
-148
-162
150
-156
138
132
138
98
-132
-98
98
-138
-154
-186
-158
174
-206
-148
-164
-120
118
-150
136
140
164
-108
-120
114
-114
126
-134
-156
108
120
-150
138
-138
-160
-168
126
-126
170
-152
-118
126
126
108
-92
120
96
100
-100
88
-74
64
-62
56
