126
-156
126
126
152
-142
142
124
160
-124
124
128
152
116
-94
128
-124
-124
-128
128
-116
94
-138
-156
-146
-124
-126
-124
-100
-100
94
98
-94
-98
-98
100
-100
110
126
112
88
120
-86
-104
-110
-76
-94
-28
-76
28
-28
-86
86
-102
102
-124
-96
96
102
122
154
112
160
118
154
-166
-156
164
-156
-146
-146
-160
156
-156
146
-140
-156
-128
116
-128
102
-120
138
-144
104
116
-122
102
-112
-108
-96
-104
-108
-116
-138
-126
-114
-96
-116
116
158
-138
-126
-148
-136
-132
-140
-118
-128
70
-106
112
-112
-124
84
-124
70
-102
-128
128
-130
84
-124
128
136
-136
-126
78
-104
-78
-100
78
58
82
64
64
72
90
72
-24
38
70
-52
-78
-44
86
24
-38
90
-88
66
60
76
76
-38
-92
108
-80
-38
-96
124
100
-52
-98
-154
120
-148
158
120
-114
-146
124
94
-120
-110
-110
140
130
112
106
94
72
-122
72
96
88
-104
102
112
-94
78
72
88
142
140
-134
-106
-124
176
200
164
-204
176
176
-164
162
-124
-154
-138
138
130
140
98
94
120
116
-114
86
-102
60
60
82
-86
-74
-44
-46
44
-44
74
46
-80
-76
-74
-86
-82
-76
-82
-106
122
-90
-74
104
-120
110
86
-114
100
112
110
132
-128
102
-58
126
128
128
122
-100
-108
58
104
-108
108
102
114
-124
-128
-110
96
120
-130
-130
-110
-134
130
-96
120
-130
150
-112
-154
-162
-148
154
-88
146
88
88
142
-148
126
128
112
-134
-112
-90
-132
90
90
-118
118
132
98
-118
-152
162
-144
-118
-142
-156
-150
144
-140
112
134
-114
148
104
96
-120
-122
108
-78
-116
-86
62
-82
58
-68
-96
62
-62
-14
66
-14
14
62
64
-64
-94
62
-100
94
-114
120
100
116
-122
-126
102
-120
140
140
-168
-120
160
-148
-174
158
152
-158
158
130
-178
162
162
-148
-142
92
92
-96
-118
-96
-92
106
-128
-120
156
-124
112
-96
-126
-64
140
80
-80
104
108
106
64
96
132
-126
-120
96
-106
-104
-126
-132
164
-124
-118
120
132
-122
-122
-138
80
-116
80
-80
-130
-126
122
128
152
132
-120
-104
-130
-116
-126
-110
110
-120
104
132
-110
126
-136
122
-164
154
-128
-110
-114
-86
-148
124
122
134
-122
114
-86
-136
146
158
-126
136
-118
-138
-170
-126
-106
130
120
-120
-126
132
136
-106
130
-142
140
-138
150
-150
138
136
-126
120
-134
132
-132
126
-130
112
-110
126
-124
-122
-94
120
-92
92
-118
122
-104
76
104
-76
76
114
-140
122
122
134
-126
130
-144
124
146
124
-124
126
130
-146
184
-194
-158
158
-186
164
-130
-130
132
-110
-82
-82
-82
-96
-96
-82
-82
100
108
92
-96
-92
-82
98
-98
96
86
110
-108
-96
110
104
-118
86
-104
132
-146
138
-154
138
-112
-120
106
84
-68
80
-100
100
-130
-90
-106
-68
-104
-86
80
42
42
-66
-72
-52
-12
12
34
-28
50
38
-52
20
-30
38
-80
-34
-30
-28
48
-48
-46
-84
104
-82
58
-66
84
70
-58
82
-80
-104
-70
80
70
-84
-120
92
-82
-46
-110
102
102
132
-92
-118
-80
110
-116
-128
-132
-110
126
152
-114
114
102
-114
-142
144
-126
144
-114
102
-146
142
140
116
-114
158
138
-134
-138
106
106
-106
-106
-106
-106
-132
132
-134
106
106
122
-134
134
128
-144
150
136
-148
168
166
156
-154
-150
-136
154
122
-122
82
130
-114
-114
154
120
116
-82
-130
-140
-136
130
-120
-116
-138
-128
-152
146
142
-132
116
-116
-92
138
92
-92
-144
-126
148
-134
-146
-112
130
-138
-138
140
-120
-140
110
-140
100
100
-86
-76
-104
14
66
-76
58
-58
-102
14
68
-86
-92
-58
14
94
-94
96
94
96
122
124
150
-174
174
182
186
-148
-148
172
-172
154
148
-192
158
-150
-150
162
146
-128
114
136
124
-126
-124
124
-136
-114
-144
-162
-126
134
140
156
-164
-154
116
-118
120
118
134
-114
-126
116
82
82
112
-102
-108
82
102
-102
-102
108
122
120
-100
-108
-108
144
122
-136
-108
114
-122
-122
130
-114
118
128
136
128
118
128
118
-136
154
164
-142
-130
-130
100
-100
74
58
74
58
-58
-110
110
118
118
-102
88
138
-138
-120
120
-150
-108
132
-120
136
-124
136
116
102
-116
92
-78
112
84
-84
128
68
-82
68
64
82
90
-86
-70
110
-70
64
-110
130
130
138
110
114
142
-120
120
-160
146
-144
-120
-146
166
160
-166
134
-146
148
-148
-132
130
-132
130
-152
-142
154
142
148
-172
134
-130
-176
194
166
-154
-162
150
150
174
166
136
-136
-136
-136
-170
160
136
160
-160
-170
176
132
-146
-132
112
112
-90
144
84
84
-160
-126
-110
-84
-90
-106
-102
110
90
144
98
132
102
106
-132
-132
138
106
-138
128
138
-146
106
-104
68
-90
-106
-122
106
-130
90
68
90
90
-92
-134
100
96
-122
130
-140
108
122
-140
128
-100
136
100
100
-138
160
164
106
104
-124
-138
128
-128
124
102
104
-106
-106
-110
-136
-142
-144
-110
-128
-154
154
-148
-166
-158
-116
-144
-124
-166
-122
-134
-84
-122
72
72
-120
-100
82
-28
60
102
96
60
80
-80
84
-116
-28
28
90
-128
126
82
-90
-106
88
-98
68
98
68
-68
-102
-104
-128
-128
128
106
126
136
-110
110
-166
132
-130
-110
130
126
122
182
-144
140
152
-156
156
160
160
196
190
-172
156
156
156
168
164
-124
98
-98
-128
130
124
98
132
-132
136
128
130
128
168
118
-118
-124
124
134
118
-144
134
-130
168
142
152
138
-138
-164
154
150
-58
-148
-122
-124
122
-122
124
-58
-124
-124
-156
-128
140
148
-136
-160
138
-98
-128
140
-140
-136
128
134
94
-94
130
130
132
94
130
130
-140
-142
166
144
148
-166
-160
-166
-120
-130
-138
-134
-126
-60
136
76
76
104
-144
-140
60
-104
148
-118
118
-124
-144
132
-136
98
112
98
98
-112
-148
-114
64
-138
112
-112
-82
-108
82
-64
-82
72
-72
118
-82
116
122
-168
118
132
120
154
154
120
-168
156
152
-120
-156
-158
-120
-152
-124
-124
126
126
-126
68
92
94
-108
-96
110
-102
68
104
96
94
-94
-106
-78
74
-78
78
-96
98
98
120
-126
-90
-100
-144
122
-114
-116
128
92
92
-124
144
120
76
-76
76
-76
-108
92
76
-102
98
122
-128
-114
98
-128
138
170
174
-132
122
138
138
-136
-136
-130
-110
-122
110
-110
-158
-126
118
-132
-102
94
-68
112
56
56
72
42
-42
76
42
-108
80
-42
-56
-60
78
96
56
-104
112
120
104
-60
-106
122
112
102
108
-90
-18
-82
-76
76
100
48
-96
18
-48
-90
94
94
106
-158
124
-102
150
-118
-116
106
-96
-80
82
-98
116
-116
82
86
-122
-110
-80
-72
-102
86
-86
118
102
-136
72
128
142
124
-150
124
-124
-152
160
-154
-124
-136
120
-112
-116
-116
116
-120
130
96
96
116
108
108
-96
130
-130
-152
172
-172
-166
-116
-122
118
-118
122
-116
-126
98
-98
-148
-156
124
-98
128
-168
132
116
-82
-108
102
102
-130
136
-116
-82
-108
-100
100
-132
162
-106
100
-134
142
136
-154
-136
-106
-114
136
-136
126
92
-92
118
104
104
56
-116
-102
-74
-74
78
54
16
-56
-30
28
-54
-68
-28
18
60
28
24
50
32
42
-16
-28
-72
24
60
-76
102
88
62
-102
-128
-84
-104
-110
110
-94
78
94
-94
-100
108
132
66
-66
-100
-134
-96
-12
96
-92
92
106
58
-80
-12
-58
122
122
80
120
140
106
-88
-134
-124
-124
144
130
-152
154
-160
-108
-68
102
-78
-52
-52
68
98
-24
72
88
64
54
64
74
58
58
-36
74
-52
-54
54
-42
-54
24
-24
72
-86
-68
-36
90
96
-72
-106
-104
-90
96
110
110
90
-138
-122
86
120
-86
86
-90
132
146
152
122
154
164
170
-190
-176
-146
-158
-126
106
114
-126
72
-112
-74
74
106
108
-134
72
-122
-160
-148
134
152
-154
118
118
140
-142
-140
118
-144
162
142
140
156
-140
-138
-154
112
78
128
-120
98
-124
-66
-110
-66
-66
-114
98
128
-134
-146
136
-104
-150
104
-86
-86
-148
148
134
86
-164
-120
116
-116
-118
-82
-74
-50
50
-70
34
-94
94
-96
96
-118
114
-114
126
-106
116
106
-74
-60
106
-106
110
136
122
-74
60
102
-108
-118
-110
-104
90
90
134
102
-96
88
98
-88
82
82
122
122
84
82
-130
-140
128
84
-112
118
130
128
-112
156
-148
148
-150
-134
124
-160
130
-130
124
152
-134
124
160
-184
160
124
-160
-158
158
160
-140
-170
140
-122
180
142
142
146
182
-162
-122
-148
-162
162
154
148
138
-116
134
128
-132
-138
-132
-132
150
124
-106
80
74
90
-100
106
-78
52
60
68
-66
64
-88
66
-52
-60
94
-70
96
-66
-92
76
70
-102
64
-102
70
92
-80
-82
-112
-116
116
-112
-96
-138
120
128
-88
136
-126
126
118
120
128
-116
-138
-174
122
-122
-164
-166
150
116
104
-140
-116
-120
138
128
-108
104
108
84
84
-116
116
154
84
140
-130
-120
122
120
138
120
114
106
-114
114
-162
-124
130
-100
-90
-92
-62
-98
-100
90
-90
-96
-78
-68
48
66
-76
-76
74
-66
-56
48
-100
92
74
56
86
112
-128
102
88
-74
128
-158
-126
-146
-84
156
130
-142
178
-178
154
-142
152
144
158
-164
-142
174
146
-146
-144
-178
190
-142
158
-182
176
-146
-132
-170
-132
-132
146
-164
-140
-114
136
-110
110
-90
-74
18
-18
64
64
-74
24
-18
-32
36
36
8
50
-8
-22
8
-42
-88
-42
8
-32
34
-34
22
-56
70
-40
-66
-118
124
-68
-122
126
-92
-120
128
134
118
-126
-164
-170
164
126
-170
-136
144
152
170
152
-138
138
-136
-174
-138
138
138
142
130
-164
130
130
-130
136
-158
-148
-92
-130
-142
-124
-124
-132
108
98
74
104
-88
88
-104
112
78
78
-90
90
-98
-24
62
6
16
-36
76
-56
-44
66
-6
-60
-30
44
44
-24
16
56
-84
48
16
44
34
-70
94
70
-100
96
94
102
-140
158
-114
-140
108
110
102
-90
102
34
90
86
88
-78
-108
68
34
66
48
-58
98
-60
-60
60
-86
-46
-46
-76
48
36
-36
66
38
38
46
36
-44
78
64
42
-62
30
-30
44
-42
44
28
28
94
98
64
28
-86
-94
-98
-110
86
-72
74
-114
114
138
-110
132
130
-156
124
-150
-152
-106
142
130
114
-78
144
-114
-106
114
-138
112
78
132
80
110
-102
-102
-92
86
92
80
-86
128
-152
-128
124
116
-154
164
-134
120
112
-142
136
-116
136
-116
-82
82
-112
88
98
82
-92
-72
88
88
-88
132
110
-114
72
-110
142
-116
114
114
-118
102
-44
44
-44
-44
-70
-102
44
56
-84
-82
-86
96
84
150
126
-98
-130
-134
134
130
130
-142
-134
104
-136
132
130
-134
154
-140
104
-138
-106
-140
130
130
-146
-106
124
94
118
-144
150
146
-160
110
94
110
-110
-150
-136
-140
-142
-140
-112
142
108
-108
126
142
-122
108
112
124
126
74
-110
-74
-74
98
-98
110
96
124
104
-108
-102
124
-102
88
-114
-114
114
-148
102
-70
74
102
-114
-118
88
-90
-46
78
50
-50
78
118
98
-42
-42
110
-78
72
-42
72
88
-122
78
-120
-126
86
128
-132
150
134
144
134
146
-156
-146
144
144
172
-178
156
-118
-136
-118
102
-102
152
-138
130
-102
138
-142
156
146
138
136
-146
-136
136
-144
140
150
-156
162
152
-158
116
134
128
128
-138
-126
-140
110
112
-138
128
136
112
128
-110
-124
-166
146
-158
-154
130
134
-142
-142
-154
-72
92
-98
-116
124
-108
130
72
92
-98
-124
124
-124
-128
112
54
-62
88
-72
-92
28
-32
-30
40
62
32
-40
-28
68
-32
30
-86
68
54
70
-70
92
90
116
86
124
108
-132
-98
94
90
-88
-44
44
82
98
38
-58
-22
42
30
-10
-18
30
-50
54
40
-26
58
18
24
-58
-30
-58
36
8
-20
24
-56
-8
32
8
10
26
14
20
-14
12
-42
-38
-24
-12
42
70
-50
-82
68
-54
54
-100
80
-64
-58
82
-96
-84
74
-78
64
72
-60
-68
-94
-64
-82
-124
-72
60
-68
94
-98
-146
122
-104
-138
128
-128
-164
-158
136
-136
-106
-62
-92
82
86
-104
-100
92
82
-96
82
-88
116
118
108
62
-102
124
156
-130
102
108
-130
136
-110
-158
-110
-100
114
-136
138
132
126
114
100
138
132
128
124
132
-144
-150
-146
114
-122
-84
-80
82
76
58
38
-64
-82
-86
-58
74
58
38
-64
88
72
-58
-92
98
110
102
108
128
114
-108
-112
-136
106
-106
98
108
-74
72
102
-104
-84
-128
94
-74
-72
94
-106
-84
-94
150
124
94
100
-112
112
148
-150
-142
-94
118
118
118
-122
-124
96
-86
-102
-120
68
-76
-92
92
86
-118
-106
68
118
-148
-112
-106
-124
124
-108
-106
124
-102
102
-122
-102
110
70
-90
-86
-86
88
54
88
50
-54
78
-78
-90
-102
-94
50
62
-58
-76
-86
74
48
90
86
-106
-102
90
-100
-48
-98
104
-104
104
98
-116
90
-128
-120
110
-140
-172
-168
-130
-130
138
-132
-170
-132
-132
-178
174
-162
144
130
130
144
-142
104
76
-118
-70
-110
82
-102
-68
68
-88
-52
-84
-52
52
-82
-128
92
-108
158
-126
110
120
110
110
-102
110
-114
118
116
130
-130
102
-110
-120
-134
-144
-142
-154
-170
-156
-134
110
110
86
116
112
-112
-122
-80
-68
-26
-56
-64
58
58
-16
-16
40
-26
-54
-16
-74
-56
-50
-68
-96
78
74
64
96
-120
92
64
-98
-140
128
-148
146
162
120
98
-98
86
-86
-22
-68
-22
-28
22
66
-66
-94
-22
74
104
-104
-96
74
110
88
110
-100
100
146
132
118
-122
118
-110
130
110
-110
134
-116
-116
136
-160
-140
-108
-152
-146
-148
-128
-146
128
108
-146
162
-160
-146
146
-186
-130
-142
-130
134
-92
-142
-108
108
-114
128
86
-74
-112
112
-132
102
120
-120
-74
134
122
86
104
-94
-112
-86
-66
-66
88
-74
30
30
-30
-100
64
-30
30
-66
98
74
-98
-88
-90
76
32
-80
-92
66
98
-48
-68
78
-14
40
14
34
14
-58
-66
28
12
-48
42
50
-44
-26
-50
-12
54
74
76
-52
-26
-58
-26
-82
-98
-82
26
76
-82
-114
-128
80
96
120
-126
-120
98
-94
126
144
-150
-104
-104
-102
94
140
152
138
104
-104
146
118
84
-124
-84
-84
-118
120
122
-96
-128
134
102
-138
-138
-140
-176
162
122
134
-142
-142
120
120
108
112
-120
116
116
132
146
92
112
92
-92
-108
-108
-88
96
-88
-88
96
154
-154
-110
120
-132
144
132
132
164
-128
122
132
-136
140
-138
-82
-104
86
-86
-126
168
-128
-82
-104
-122
-116
114
-106
-98
132
106
90
-90
112
-104
-90
90
112
-90
106
-90
118
106
114
-114
108
-90
-90
-102
-112
100
-140
-100
100
-114
120
-154
128
-166
136
-142
-158
156
128
134
130
-112
-128
136
-136
128
160
-124
-112
-128
-158
-138
-124
-138
138
130
144
142
148
-118
100
136
102
102
120
98
100
-84
-84
100
-112
-92
-62
18
-18
-84
-50
-28
28
-18
62
64
16
-6
6
-62
-60
-16
6
60
56
64
46
-88
-112
100
94
102
106
-88
54
54
136
118
-92
54
92
-92
-106
-98
114
106
-100
-132
-106
-154
-162
-128
128
150
150
-162
-128
-156
-144
-144
-174
156
156
-136
156
-134
136
-154
-148
98
138
-106
-84
114
96
-84
84
-92
-96
-54
-56
50
30
44
72
52
42
-2
-68
18
38
-62
52
52
-30
78
-2
46
2
32
66
-38
2
14
-62
62
-72
-58
62
-30
-58
58
30
-14
-72
72
-92
-54
14
-72
-82
-86
-54
82
92
-84
-82
96
-96
94
140
144
-104
-140
134
150
152
160
138
-138
184
-178
144
-104
-116
-114
-130
-100
-114
98
-104
98
-98
-134
100
-110
122
142
128
100
-106
-96
96
-118
-114
42
-86
64
64
-90
48
-80
42
72
-88
-74
-106
48
102
-108
106
78
-78
-118
-100
68
-104
-138
106
-106
148
-170
178
-142
-162
168
168
-172
164
164
138
168
-162
-140
148
142
152
138
-154
-154
114
116
108
-108
118
-78
126
-80
80
-90
62
56
10
10
74
-80
-56
48
10
52
-30
-10
-60
-52
-40
76
-36
80
-10
10
-102
-98
-94
14
-68
-98
-108
-102
-108
38
24
-38
-74
-74
68
38
-58
