126
-156
126
126
152
-146
146
124
160
-124
124
128
152
116
-94
128
-124
-124
-128
128
-116
94
-138
-156
-146
-124
-126
-124
-90
-100
90
90
-94
-98
-94
78
-78
110
126
106
88
120
-102
-104
-126
-76
-110
-58
-76
58
-58
-102
102
-102
102
-134
-96
96
102
138
154
112
160
134
154
-166
-156
166
-156
-146
-146
-162
168
-156
146
-140
-156
-128
116
-128
102
-120
138
-144
104
116
-122
102
-112
-108
-96
-104
-108
-116
-138
-126
-114
-96
-116
116
158
-138
-126
-148
-136
-132
-140
-118
-128
70
-106
112
-112
-124
84
-124
70
-102
-128
128
-130
84
-124
144
142
-136
-126
78
-104
-78
-100
78
58
82
64
64
72
90
72
-24
44
70
-66
-78
-44
86
24
-66
90
-88
66
60
92
76
-66
-120
108
-100
-66
-124
148
128
-80
-126
-182
148
-148
130
120
-114
-120
124
78
-114
-78
-78
138
130
112
106
94
72
-128
72
96
100
-104
104
112
-98
78
72
98
146
140
-138
-106
-124
176
200
164
-204
176
176
-164
162
-124
-154
-138
138
130
140
98
94
120
116
-114
86
-102
60
60
80
-70
-72
-34
-46
34
-44
74
34
-34
-76
-90
-92
-66
-68
-74
-106
116
-90
-68
104
-120
114
72
-114
100
116
114
132
-128
102
-58
126
128
128
122
-100
-108
58
104
-136
120
102
114
-124
-128
-110
96
120
-130
-130
-110
-134
130
-96
120
-130
150
-112
-140
-146
-144
138
-72
144
72
72
138
-148
126
112
112
-134
-112
-90
-132
90
90
-118
118
132
98
-118
-152
162
-144
-118
-142
-156
-150
144
-140
114
134
-126
148
122
96
-128
-124
110
-98
-118
-98
86
-100
90
-70
-116
76
-76
-54
86
-54
54
64
66
-66
-112
64
-102
96
-116
122
102
118
-128
-126
104
-120
140
140
-168
-120
160
-148
-174
158
152
-158
158
130
-178
160
150
-148
-126
92
90
-80
-102
-80
-80
90
-128
-120
130
-122
96
-96
-110
-48
128
80
-80
104
108
106
48
96
132
-126
-114
96
-106
-104
-126
-132
164
-124
-118
120
124
-122
-122
-118
58
-108
58
-58
-108
-120
120
106
108
118
-106
-104
-130
-116
-118
-110
110
-106
104
132
-110
126
-136
122
-150
154
-128
-110
-114
-86
-148
114
112
130
-112
112
-86
-130
146
158
-126
136
-118
-138
-170
-126
-106
130
120
-120
-126
132
136
-106
130
-142
140
-138
150
-150
138
136
-126
120
-134
132
-132
126
-130
112
-110
126
-124
-122
-94
120
-92
92
-118
122
-104
76
104
-76
76
114
-140
122
122
134
-118
130
-144
124
146
124
-124
118
130
-146
184
-188
-158
158
-186
164
-130
-130
132
-110
-82
-82
-82
-96
-96
-82
-82
100
108
92
-96
-92
-82
98
-98
96
86
110
-108
-96
110
104
-118
86
-104
132
-146
138
-154
138
-112
-120
106
94
-68
78
-100
100
-130
-88
-104
-68
-102
-90
78
40
40
-76
-76
-56
-26
26
28
-44
42
48
-56
18
-30
18
-76
-54
-30
-44
48
-48
-18
-76
114
-82
58
-44
84
70
-58
82
-74
-104
-64
74
70
-78
-116
92
-82
-18
-94
96
96
126
-92
-118
-74
104
-98
-122
-114
-104
132
152
-136
96
124
-136
-142
136
-130
144
-96
116
-146
142
140
116
-114
158
138
-134
-138
106
106
-106
-106
-106
-106
-132
132
-138
106
106
122
-134
134
128
-144
150
136
-148
168
164
156
-154
-148
-136
154
122
-122
82
130
-114
-114
154
120
116
-82
-130
-140
-136
130
-120
-116
-138
-128
-152
146
142
-132
116
-116
-92
138
92
-92
-144
-126
148
-134
-146
-112
130
-138
-138
140
-120
-140
110
-134
100
100
-86
-76
-104
14
52
-76
44
-44
-102
14
68
-84
-78
-44
14
94
-94
96
80
96
122
124
142
-174
174
182
186
-148
-148
172
-172
154
148
-192
158
-150
-150
162
146
-128
114
136
124
-126
-124
124
-136
-114
-144
-162
-126
134
140
156
-164
-154
116
-118
120
118
134
-114
-126
116
82
82
112
-102
-108
82
102
-102
-102
108
122
120
-100
-108
-108
144
128
-142
-108
120
-122
-122
136
-120
124
128
138
128
124
128
124
-136
154
164
-142
-130
-130
100
-100
74
58
74
58
-58
-110
110
118
118
-102
88
138
-138
-120
120
-150
-108
132
-120
136
-124
136
116
102
-116
106
-78
112
84
-84
132
68
-114
68
64
92
96
-92
-76
110
-80
64
-110
130
130
140
110
120
142
-120
120
-160
146
-140
-120
-146
142
112
-144
98
-98
116
-128
-94
94
-106
96
-118
-94
106
144
100
-152
148
-96
-176
188
166
-148
-162
150
150
174
166
136
-136
-136
-136
-170
160
136
160
-160
-170
176
132
-146
-132
112
112
-118
146
112
112
-168
-148
-138
-112
-118
-108
-118
126
118
136
118
126
108
108
-134
-134
138
108
-138
128
138
-146
106
-106
68
-90
-106
-122
106
-130
122
68
90
92
-92
-152
100
128
-138
136
-154
108
128
-140
128
-100
136
100
100
-138
160
164
106
104
-124
-138
128
-128
124
102
104
-106
-106
-110
-136
-142
-144
-110
-128
-154
154
-148
-166
-158
-116
-144
-132
-166
-124
-142
-92
-130
80
80
-120
-100
90
-36
56
102
96
56
88
-88
92
-118
-36
36
98
-136
134
82
-98
-114
96
-98
68
98
68
-68
-102
-104
-128
-128
128
106
126
136
-110
110
-166
132
-130
-110
130
126
122
182
-144
140
152
-156
156
160
160
196
190
-172
156
156
156
168
164
-124
98
-98
-124
118
124
98
132
-122
136
118
124
128
156
102
-102
-124
124
134
102
-144
110
-114
168
142
152
110
-138
-164
154
150
-58
-148
-122
-124
122
-122
124
-58
-124
-124
-156
-128
140
148
-136
-160
134
-98
-128
140
-140
-136
128
130
94
-94
124
124
130
94
124
124
-140
-142
160
144
148
-166
-160
-166
-120
-130
-138
-134
-134
-72
136
88
88
104
-144
-144
72
-104
148
-118
118
-124
-144
132
-136
98
112
98
98
-112
-148
-114
64
-138
112
-112
-82
-108
82
-64
-82
72
-72
118
-82
116
122
-168
118
132
120
154
154
120
-168
156
152
-120
-156
-158
-120
-152
-124
-124
126
126
-126
68
98
94
-108
-96
110
-102
68
104
96
94
-96
-112
-84
74
-84
84
-102
100
104
126
-128
-86
-106
-144
132
-128
-112
140
92
92
-124
144
120
76
-76
76
-76
-108
92
76
-102
126
122
-128
-114
122
-136
136
170
174
-132
122
138
138
-136
-136
-98
-110
-122
110
-110
-158
-120
106
-126
-96
88
-62
106
50
50
66
36
-36
70
36
-108
80
-36
-56
-60
78
90
56
-104
112
132
110
-60
-122
144
144
122
122
-122
-116
-140
-116
116
138
110
-122
110
-104
-138
104
104
138
-168
134
-102
152
-122
-116
106
-116
-82
82
-148
128
-128
82
132
-134
-132
-130
-122
-144
128
-136
152
132
-144
122
164
150
144
-150
124
-124
-158
164
-154
-122
-122
130
-92
-102
-86
86
-110
100
66
66
100
78
78
-66
112
-130
-122
150
-154
-144
-94
-100
96
-96
100
-116
-104
76
-76
-128
-156
104
-76
128
-168
132
116
-82
-108
102
102
-130
136
-116
-82
-108
-100
100
-132
162
-106
100
-134
142
136
-154
-136
-106
-114
136
-138
106
102
-102
98
98
114
66
-90
-76
-84
-72
72
30
26
-30
-4
-10
-28
-64
-28
28
58
2
-2
60
54
56
-2
-38
-100
64
76
-74
132
96
72
-120
-126
-82
-102
-130
128
-94
82
94
-94
-118
126
140
84
-84
-88
-108
-96
-42
94
-96
110
124
26
-78
-26
-26
78
110
98
94
138
106
-100
-146
-128
-132
144
132
-152
154
-162
-110
-70
104
-80
-54
-54
70
100
-26
72
90
66
56
66
76
60
60
-48
78
-62
-56
56
-44
-54
26
-26
74
-88
-70
-48
92
98
-74
-108
-106
-90
102
110
110
94
-138
-122
86
124
-86
86
-94
132
146
152
122
154
164
170
-190
-176
-146
-158
-126
106
114
-126
72
-112
-74
74
106
108
-134
72
-122
-160
-148
134
152
-134
118
118
134
-142
-140
118
-144
162
142
140
156
-140
-138
-154
112
78
128
-120
98
-124
-66
-110
-66
-66
-114
98
128
-134
-146
136
-104
-150
104
-86
-86
-148
148
134
86
-164
-136
122
-122
-128
-116
-104
-94
94
-114
114
-104
94
-106
106
-128
114
-114
126
-106
116
106
-74
-60
106
-106
110
136
122
-74
60
104
-108
-118
-110
-104
90
90
134
114
-96
90
110
-100
94
94
128
128
86
86
-114
-138
114
86
-112
118
130
134
-112
156
-148
154
-152
-134
124
-160
136
-136
138
136
-134
124
128
-170
174
138
-128
-138
164
164
-140
-138
140
-122
170
142
142
146
190
-162
-122
-138
-162
162
154
138
138
-138
140
144
-132
-138
-132
-132
162
144
-112
80
102
102
-110
124
-78
58
60
74
-106
104
-90
66
-58
-60
94
-76
126
-66
-92
76
82
-110
66
-114
82
92
-80
-82
-112
-128
128
-124
-96
-140
120
128
-100
142
-138
138
142
120
128
-128
-138
-180
122
-122
-164
-164
144
102
104
-132
-116
-120
138
118
-108
104
102
84
84
-116
116
148
84
140
-130
-120
122
120
138
120
114
106
-114
114
-162
-138
118
-94
-104
-98
-76
-98
-84
52
-52
-88
-62
-68
48
66
-76
-76
74
-66
-56
48
-100
86
74
56
86
112
-128
100
82
-74
128
-152
-120
-140
-84
150
130
-142
178
-178
154
-142
152
144
158
-164
-142
174
146
-146
-144
-170
190
-120
120
-144
154
-108
-94
-150
-94
-94
108
-156
-124
-106
128
-102
102
-82
-74
10
-10
64
56
-66
16
-10
-24
28
34
-10
42
16
-14
-14
-34
-84
-46
-16
-24
50
-50
14
-48
86
-58
-58
-110
116
-60
-114
122
-108
-112
128
126
118
-120
-164
-170
162
126
-170
-136
144
152
170
152
-144
144
-136
-174
-144
136
132
132
130
-156
130
128
-128
136
-158
-148
-90
-130
-142
-124
-124
-132
108
96
68
104
-82
82
-104
110
76
72
-88
88
-92
-44
56
4
10
-30
74
-50
-42
60
-4
-58
-24
48
42
-22
10
50
-78
42
10
48
32
-64
88
68
-98
92
88
88
-110
130
-114
-120
66
92
92
-76
98
34
88
44
64
-44
-58
34
34
54
44
-34
82
-46
34
-48
-44
34
-50
-62
64
-48
-78
60
-46
50
76
60
-68
84
64
64
46
54
-72
54
-48
64
-46
74
114
134
98
74
-122
-122
-140
-126
132
-98
120
-130
122
152
-134
154
124
-156
124
-150
-152
-106
150
130
114
-78
144
-114
-106
114
-138
112
78
144
80
110
-102
-102
-108
86
108
80
-86
128
-152
-144
124
128
-154
164
-134
120
120
-142
136
-116
156
-116
-82
114
-132
132
130
114
-116
-72
116
88
-88
152
128
-114
72
-126
118
-100
90
90
-102
86
-28
20
-20
-28
-64
-86
20
74
-68
-66
-64
100
100
142
120
-110
-130
-82
82
110
114
-138
-82
104
-136
124
130
-134
154
-140
88
-138
-106
-140
130
130
-144
-88
124
94
100
-144
150
146
-142
110
94
110
-110
-150
-136
-140
-142
-140
-112
142
108
-108
160
176
-156
108
146
156
138
108
-144
-108
-108
130
-124
124
130
158
136
-146
-128
126
-124
114
-114
-130
140
-158
104
-70
100
102
-114
-132
112
-92
-70
92
84
-84
104
112
94
-80
-70
100
-60
70
-60
60
118
-128
72
-130
-118
98
132
-130
150
126
144
144
146
-156
-146
144
144
172
-178
156
-118
-136
-118
102
-102
152
-138
130
-102
138
-142
156
146
138
136
-146
-136
136
-144
140
150
-156
162
152
-158
116
134
128
128
-138
-126
-140
110
112
-138
128
136
112
128
-110
-124
-166
146
-158
-154
130
134
-142
-142
-154
-72
92
-98
-116
124
-108
130
72
92
-98
-124
124
-124
-128
112
54
-62
88
-72
-92
28
-32
-46
40
62
32
-40
-28
68
-32
32
-102
68
54
70
-70
102
92
116
100
134
106
-140
-94
94
98
-88
-34
34
60
50
38
-48
-22
44
30
4
4
38
-42
56
58
4
72
24
54
-50
4
-50
48
32
-12
14
-48
52
32
48
16
40
-18
-4
-4
18
-40
-40
-16
34
22
80
-50
-88
58
-46
46
-86
86
-70
-64
82
-96
-90
80
-84
70
72
-60
-68
-94
-70
-82
-124
-72
60
-68
94
-98
-146
122
-104
-138
128
-128
-164
-158
136
-136
-106
-62
-92
82
86
-104
-100
92
82
-96
82
-88
116
118
108
62
-102
124
152
-110
86
108
-106
106
-80
-150
-80
-70
96
-108
108
126
96
94
70
128
124
124
94
108
-140
-136
-146
114
-122
-84
-80
82
76
58
38
-64
-82
-86
-58
74
58
38
-64
88
72
-58
-92
98
110
102
108
128
114
-108
-112
-136
106
-106
98
108
-74
72
102
-104
-84
-128
94
-74
-72
94
-106
-84
-94
150
124
94
100
-112
112
148
-150
-142
-94
118
118
118
-122
-124
96
-86
-102
-120
68
-82
-92
92
86
-116
-106
68
118
-148
-112
-106
-124
124
-108
-106
108
-100
100
-106
-80
110
68
-68
-86
-84
72
24
76
50
-14
72
-76
-74
-80
-74
24
40
-14
-54
-64
74
26
68
64
-78
-84
68
-78
-14
-76
82
-82
82
76
-96
68
-104
-98
92
-126
-152
-166
-108
-128
116
-116
-174
-146
-146
-156
174
-162
148
130
130
144
-142
104
76
-118
-70
-110
82
-102
-68
68
-88
-52
-84
-52
52
-82
-128
92
-108
158
-126
110
126
110
110
-102
110
-114
118
116
130
-130
102
-110
-120
-134
-144
-142
-154
-170
-150
-140
102
110
92
92
100
-116
-128
-86
-68
-32
-62
-70
64
64
-2
-2
46
-32
-60
-2
-80
-50
-36
-70
-102
84
60
50
102
-106
94
50
-102
-126
124
-130
130
146
104
76
-76
64
-64
6
-70
6
-6
-6
44
-44
-78
6
80
100
-84
-86
68
126
94
90
-90
130
144
144
118
-128
118
-110
130
110
-110
134
-116
-116
136
-160
-140
-108
-152
-136
-148
-118
-136
118
108
-146
162
-160
-146
146
-186
-130
-142
-130
134
-92
-142
-108
108
-114
128
102
-74
-112
112
-132
102
120
-120
-74
134
122
96
124
-102
-102
-94
-86
-74
74
-92
-22
-22
-36
-108
62
22
48
-68
68
60
-72
-36
-60
84
42
-36
-38
42
92
-80
-94
64
14
62
-58
70
-42
-98
-68
14
58
-82
68
92
-90
-90
-82
58
58
74
94
-74
-58
-66
-66
-92
-98
-92
66
86
-90
-116
-130
80
98
120
-126
-130
96
-94
126
144
-144
-104
-102
-96
94
140
146
138
104
-102
146
108
84
-122
-84
-84
-108
110
122
-96
-118
134
102
-128
-138
-140
-176
162
122
134
-142
-142
120
120
108
112
-120
116
116
114
146
96
112
96
-96
-108
-108
-88
96
-88
-88
96
154
-154
-110
118
-118
106
82
82
122
-74
74
74
-82
90
-74
-82
-32
84
-72
-72
120
-90
-82
-50
-68
-80
60
-70
-68
98
62
46
-90
96
-74
-32
74
68
-32
102
-90
74
86
84
-102
68
-60
-78
-102
-124
108
-140
-92
116
-146
142
-172
160
-166
136
-158
-158
156
128
134
130
-112
-128
136
-136
128
160
-124
-112
-128
-164
-144
-124
-144
130
130
144
132
144
-116
100
132
102
102
120
102
114
-88
-88
114
-116
-100
-66
32
-32
-88
-74
-32
34
-32
76
70
32
24
-24
-48
-46
-40
-24
46
42
60
32
-74
-50
50
80
88
84
-74
54
54
122
104
-84
54
92
-92
-106
-98
114
106
-100
-132
-106
-154
-162
-128
128
150
150
-162
-128
-156
-144
-144
-174
156
156
-136
156
-134
136
-154
-154
98
144
-106
-98
114
98
-84
84
-94
-96
-68
-56
70
30
44
72
52
56
-30
-78
18
38
-62
56
52
-30
86
-18
46
56
84
74
-56
56
68
-92
116
-92
-112
72
-72
-112
92
84
-68
-72
82
-92
-108
68
-124
-82
-94
-92
82
96
-106
-132
106
-96
116
140
144
-126
-150
134
150
152
160
138
-138
184
-178
144
-104
-116
-114
-130
-100
-114
98
-104
98
-98
-134
100
-110
122
142
128
100
-106
-96
96
-118
-114
42
-86
64
64
-90
48
-80
42
72
-88
-74
-106
48
102
-118
106
78
-78
-118
-100
68
-104
-138
112
-112
148
-170
178
-142
-156
168
156
-168
146
146
138
160
-162
-140
148
142
152
138
-154
-144
126
122
126
-100
128
-106
120
-108
108
-110
54
46
38
6
72
-66
-74
56
6
58
-20
-32
-70
-58
-38
50
-58
72
-6
24
-80
-80
-72
24
-78
-108
-100
-102
-108
38
24
-38
-74
-74
68
38
-58
